00110100110001011001011011101011000100010111110100110000110100011010101001111000100110001000000101101000000000000000000000000000000000000000000000000000000000000000000000000000000000000000000000000000
00000001001011011100000101000110000011110001111110001110001100011111101001101100000110111001010000100100000000000000000000000000000000000000000000000000000000000000000000000000000000000000000000000000
10111110000101011001101110010111101101011111111010000000001010001001101010101000111111010101100000100010000000000000000000000000000000000000000000000000000000000000000000000000000000000000000000000000
01101110100100010101011100110011111101111111100010000011101010101011100101110100111100110101010100010001000000000000000000000000000000000000000000000000000000000000000000000000000000000000000000000000
10111110000011001100001010010111101101001010100101110001011100110001101100011011000010111111000110110000100000000000000000000000000000000000000000000000000000000000000000000000000000000000000000000000
10011001000000101000001110010010110100101101001100010010100111110001100111011100011101101001001110000000010000000000000000000000000000000000000000000000000000000000000000000000000000000000000000000000
10000101100001101010100000110010100100011011010100100000100111111100010110000010001010000011011010010000001000000000000000000000000000000000000000000000000000000000000000000000000000000000000000000000
10011000000110100011010000111011111111101100101011100011111001000010111010000000000111101100110101110000000100000000000000000000000000000000000000000000000000000000000000000000000000000000000000000000
01000101000001011000110110010111010101111100100001001110000110101100100110111100011000001111111000100000000010000000000000000000000000000000000000000000000000000000000000000000000000000000000000000000
00010000011100110101001000111001100001101111010111101101010111011011011001101000111000101100001111100000000001000000000000000000000000000000000000000000000000000000000000000000000000000000000000000000
11011100001001011111100011011110110111010000001111111001110110001011010101011001000101111010001001110000000000100000000000000000000000000000000000000000000000000000000000000000000000000000000000000000
00000100011101110100100100001000111011010100000100010001101111110000011101001101010001101000111111010000000000010000000000000000000000000000000000000000000000000000000000000000000000000000000000000000
11010111100111000101111100111011100100011111101100010010110111110100110101111000001111100110101110010000000000001000000000000000000000000000000000000000000000000000000000000000000000000000000000000000
10101110010100111101100101101011000001100000000110010111100110010001111000101001001010110010000100110000000000000100000000000000000000000000000000000000000000000000000000000000000000000000000000000000
00101011101100101100000110010110101000100111011111011010101101101000011011110111010011100010000111110000000000000010000000000000000000000000000000000000000000000000000000000000000000000000000000000000
11100111100111001110110100101100010101101010101110100010000001000011000100110001000100000011111000100000000000000001000000000000000000000000000000000000000000000000000000000000000000000000000000000000
11100000100100010100100010001101111001100100001010110101110101011010100110110101010001010000100010100000000000000000100000000000000000000000000000000000000000000000000000000000000000000000000000000000
00101101010100110111110000110100010001011110010011000111110001010010111010110001001111100111111001110000000000000000010000000000000000000000000000000000000000000000000000000000000000000000000000000000
00101000001000110100111010110101000001100100010011011100001101000001010011000111001110001111101001100000000000000000001000000000000000000000000000000000000000000000000000000000000000000000000000000000
10011101101000000100100000001001110101100000110111010010101110100011011001110011000111101111110011000000000000000000000100000000000000000000000000000000000000000000000000000000000000000000000000000000
01101011011101010101110100010010011001100000010100111100010000100001001001000000101110110010110101100000000000000000000010000000000000000000000000000000000000000000000000000000000000000000000000000000
00010100111010001011111101110111111011000011001001111111110011001100101101001101100011110101100000010000000000000000000001000000000000000000000000000000000000000000000000000000000000000000000000000000
01100111100010010110101100111010001000011010101101000011010111100001000010111111011101001110101101110000000000000000000000100000000000000000000000000000000000000000000000000000000000000000000000000000
01000010100001110001010111100011100110100111101001111000101000001101101000111110000111100010000101000000000000000000000000010000000000000000000000000000000000000000000000000000000000000000000000000000
11001011011000110101001010001100101111011011111001000100000100001100110001101011111000001100001011110000000000000000000000001000000000000000000000000000000000000000000000000000000000000000000000000000
01100000101010110010101011111101011001111011001110011011000011001110100110110111000001001001110011000000000000000000000000000100000000000000000000000000000000000000000000000000000000000000000000000000
11011101010101100110001000100010110101011100010011111100111111100010000111010111010101111101100011000000000000000000000000000010000000000000000000000000000000000000000000000000000000000000000000000000
01110101110100111011100011001100101010000111001100000001111100011011011010110111110111011100000001110000000000000000000000000001000000000000000000000000000000000000000000000000000000000000000000000000
00010110101111110000010011101001011011110001110100101100000000111001110010001011110101000010100100100000000000000000000000000000100000000000000000000000000000000000000000000000000000000000000000000000
10110111010100110010101111000111110010100001101100110011101000000000101100000000010111010101111001010000000000000000000000000000010000000000000000000000000000000000000000000000000000000000000000000000
11001011000000010101011001111011111000001101111100011100010000011000101111110111001011101100100001010000000000000000000000000000001000000000000000000000000000000000000000000000000000000000000000000000
01000100101000010010001111101111100100111011110110000111100000010010111010011110010010100010100010010000000000000000000000000000000100000000000000000000000000000000000000000000000000000000000000000000
11111111100001010011100101000100111111000111010001001011010100011101111000101111000010101011100101110000000000000000000000000000000010000000000000000000000000000000000000000000000000000000000000000000
01001110010111101011101011001011101000000110011101011010011110101000001000001110000010001001010101110000000000000000000000000000000001000000000000000000000000000000000000000000000000000000000000000000
00101011100010101001101000100100110011110001100000110101010000011001001100111000110011000000011001000000000000000000000000000000000000100000000000000000000000000000000000000000000000000000000000000000
11000110111011110111111100011011010010001111101001111001000000000010000011010100011011000100001001000000000000000000000000000000000000010000000000000000000000000000000000000000000000000000000000000000
10001000011010010010111001011000101011000111000101101010111010000000101110101110110010010000110101000000000000000000000000000000000000001000000000000000000000000000000000000000000000000000000000000000
01001101110100010111100111100011101111111110001000100001000111101010011110000001010000000111001000100000000000000000000000000000000000000100000000000000000000000000000000000000000000000000000000000000
10110001111100001100111010000000101110001111001111011000001011000111101011111100111110110111000011100000000000000000000000000000000000000010000000000000000000000000000000000000000000000000000000000000
01111101000111110011110110010110010010001111000011111010101100101101000011110010001011110001011000100000000000000000000000000000000000000001000000000000000000000000000000000000000000000000000000000000
00100001011111101100111010101110001110110010111011011011010000000111100110011111110011101001101100000000000000000000000000000000000000000000100000000000000000000000000000000000000000000000000000000000
10010100100011011110001100111001000110010001010011011011010011100010011110010100000111100101111101100000000000000000000000000000000000000000010000000000000000000000000000000000000000000000000000000000
00101010000101011101011111100110101000111010100111100011101010110000111100010101100100100100110010110000000000000000000000000000000000000000001000000000000000000000000000000000000000000000000000000000
11101111010111100000010110111111111001100000000010000111001100010001000100011111000100011101111110010000000000000000000000000000000000000000000100000000000000000000000000000000000000000000000000000000
10000010101111110111011100110110100001100010111100111100111100011000011011101000100100010110110011100000000000000000000000000000000000000000000010000000000000000000000000000000000000000000000000000000
00001011101100010001011001000101110110100100101001111011001000110111100111010111100100001000011010000000000000000000000000000000000000000000000001000000000000000000000000000000000000000000000000000000
10111000110110001110011001111011010001110100011010000000100010001000010111100110010111000100100110100000000000000000000000000000000000000000000000100000000000000000000000000000000000000000000000000000
11000010110110000111111100011110100101100011111000000101111100101100110110100101011001011100111001100000000000000000000000000000000000000000000000010000000000000000000000000000000000000000000000000000
11001101111110110011011001010011010001001001101100111110011101111001011010001001010111001111110110100000000000000000000000000000000000000000000000001000000000000000000000000000000000000000000000000000
10010101111001101011100111011100101100000010000011100001100000000000010001101100000101011000111101010000000000000000000000000000000000000000000000000100000000000000000000000000000000000000000000000000
01110101100010010111101110011110001101001110111001110100011001010010110110110110010101011111100011100000000000000000000000000000000000000000000000000010000000000000000000000000000000000000000000000000
10001000111011101010000000101000010010001001100101111111001010011101100100011110101010011101001000100000000000000000000000000000000000000000000000000001000000000000000000000000000000000000000000000000
00000011010100011000100000000010011000111011010001101100011101010010001011101010110101010100100010000000000000000000000000000000000000000000000000000000100000000000000000000000000000000000000000000000
11000001101001011110100001111011101001000110001011011010000101000110100001001011111001111001000001000000000000000000000000000000000000000000000000000000010000000000000000000000000000000000000000000000
11010100000011100000101101111010110111000111000011000100111001111101100001111010000111100010001101000000000000000000000000000000000000000000000000000000001000000000000000000000000000000000000000000000
01101110011110110010100011010110000101001111100101011000010100001011100111011110010101011000100111100000000000000000000000000000000000000000000000000000000100000000000000000000000000000000000000000000
10010010111100110001001110111111010111011110010011101010011111100000101100011001100101010110110000000000000000000000000000000000000000000000000000000000000010000000000000000000000000000000000000000000
11010001000010010100111100110100010110001101100100011010001111010100100110001001110010010001011010110000000000000000000000000000000000000000000000000000000001000000000000000000000000000000000000000000
00111101111010000111011000011010011110111110111101010000100101010111101110001011000101101011101101100000000000000000000000000000000000000000000000000000000000100000000000000000000000000000000000000000
10010111011111100111111101101111101110001100000111101101011011010101010100000010110100110010000111000000000000000000000000000000000000000000000000000000000000010000000000000000000000000000000000000000
00010011101011100100100011100010101000001100100101100011010010100000010110110010011110101100110010000000000000000000000000000000000000000000000000000000000000001000000000000000000000000000000000000000
01001001101110010111100001000100101011110110110010100001000000000110001010100010101111111100100100000000000000000000000000000000000000000000000000000000000000000100000000000000000000000000000000000000
10011101110010001011000010011111000111100111111110110001001010100110000011001110011100001100011000100000000000000000000000000000000000000000000000000000000000000010000000000000000000000000000000000000
10111101111110100010001101111011111100111111010000100100011011010111110100000010011001010001001001100000000000000000000000000000000000000000000000000000000000000001000000000000000000000000000000000000
11101101000001100110100010011110100100111101011000001011011100011100001000001001011000111110100010000000000000000000000000000000000000000000000000000000000000000000100000000000000000000000000000000000
01110000010001011011111000001010001101101110001100101111111011110110000001010100100101001110000110110000000000000000000000000000000000000000000000000000000000000000010000000000000000000000000000000000
10111110000000010101011110110000011011110001101001111110001001011001000011110110000011101101011111100000000000000000000000000000000000000000000000000000000000000000001000000000000000000000000000000000
01101100000110110011011110001010010111101000011000010000100111011011000010101101000101001110010100000000000000000000000000000000000000000000000000000000000000000000000100000000000000000000000000000000
11111011110101001001001110100101010100111110010001010010101001001000100010111011011011111010010001010000000000000000000000000000000000000000000000000000000000000000000010000000000000000000000000000000
10000101100000000011100101001101011011000100011011110111010010101011010001000001001111110010110101000000000000000000000000000000000000000000000000000000000000000000000001000000000000000000000000000000
00000101111101000100110100001001001011011100011101110001110100100111000000000100101000110001111010000000000000000000000000000000000000000000000000000000000000000000000000100000000000000000000000000000
00111100101100010111010000011010110100101110100010010110110000111101011110011011110010100001001000110000000000000000000000000000000000000000000000000000000000000000000000010000000000000000000000000000
00000011100111011110111101000101010111001100110011111000101111001101100000000110001010001111111000110000000000000000000000000000000000000000000000000000000000000000000000001000000000000000000000000000
01001101111100011000000001111011000011111010001101100011000111011101110011011010001011110000011010010000000000000000000000000000000000000000000000000000000000000000000000000100000000000000000000000000
00000011111000110110111110000000101010010110010100000101011001110100011100101010101001011011000101000000000000000000000000000000000000000000000000000000000000000000000000000010000000000000000000000000
00110001111110110010001010000011100101100101011001111111110110001001010010110000100010100000011001000000000000000000000000000000000000000000000000000000000000000000000000000001000000000000000000000000
11110111111111011000110000110101001001000101001100000110010011001000110010100100111111010000001001010000000000000000000000000000000000000000000000000000000000000000000000000000100000000000000000000000
10110111010101000111001100001110010010011101000110011110100101110100001110110100000100100110110010000000000000000000000000000000000000000000000000000000000000000000000000000000010000000000000000000000
11111110111000100001110111100101100101111011011101111101111101100110110011101001100111001010000111100000000000000000000000000000000000000000000000000000000000000000000000000000001000000000000000000000
10100010110100110001001111011101000011100111011010110100010011010000000100111111000110001011011111100000000000000000000000000000000000000000000000000000000000000000000000000000000100000000000000000000
10100110001101100001000000010111010010011010111101101110011010000111000001101010100011100101100001100000000000000000000000000000000000000000000000000000000000000000000000000000000010000000000000000000
01001000110000100000000000110000001110110111001110100000011010111100111011011101111100001001011000010000000000000000000000000000000000000000000000000000000000000000000000000000000001000000000000000000
10011001011001000001111101010010010010010010000011111111110100010100001101001001000010111010001010000000000000000000000000000000000000000000000000000000000000000000000000000000000000100000000000000000
01101001010011000100001100100010101010010011101110010110100010100101010100101000101011110000011010100000000000000000000000000000000000000000000000000000000000000000000000000000000000010000000000000000
00101100001111000111100111100100100101101111111110000001000110111010110100001000000111000100110010100000000000000000000000000000000000000000000000000000000000000000000000000000000000001000000000000000
11011011111111110011111100000100010001101010010000110101000111101001001000111101000010100011110100000000000000000000000000000000000000000000000000000000000000000000000000000000000000000100000000000000
01110111100001010011101010010001010101111101111001010011011001110000110100010101101001010000110000100000000000000000000000000000000000000000000000000000000000000000000000000000000000000010000000000000
11000101000001001001100110100110000111000000100100010100010001111000011000101010000010101110111110010000000000000000000000000000000000000000000000000000000000000000000000000000000000000001000000000000
10101011110000101011010011100001000010000110101001001011000111101101001011011001101001011110100110110000000000000000000000000000000000000000000000000000000000000000000000000000000000000000100000000000
01111011100001011110000111100010100001101101011110101110000111100010110111101011010101111110010010000000000000000000000000000000000000000000000000000000000000000000000000000000000000000000010000000000
11111001100110010100010011111000011110010111000001100111000011001101110100111010000000011100011100000000000000000000000000000000000000000000000000000000000000000000000000000000000000000000001000000000
11011111111101000111000011111100111101001100011111000100110101000100111000100011010101000000101011100000000000000000000000000000000000000000000000000000000000000000000000000000000000000000000100000000
10001100101111011111010101110010111100010011011010010011010111000101100001001101101110110011001111000000000000000000000000000000000000000000000000000000000000000000000000000000000000000000000010000000
10111110101001010001000100111001000110011011101000011100010010000010011101111010100111101010000010110000000000000000000000000000000000000000000000000000000000000000000000000000000000000000000001000000
10011100111010011110011101010111000011001111111010001110101111111101011111100101011010101100000100000000000000000000000000000000000000000000000000000000000000000000000000000000000000000000000000100000
01010011110011001001100011010111110111000100010011101011011101001111010010110001000010110111011000110000000000000000000000000000000000000000000000000000000000000000000000000000000000000000000000010000
10101000110100001110010101111100000000000000100110101010010010010010010100111100011110000000011111110000000000000000000000000000000000000000000000000000000000000000000000000000000000000000000000001000
11001000011001101011100001100001011001101101010101101110010000011000100001011010111110110111010100000000000000000000000000000000000000000000000000000000000000000000000000000000000000000000000000000100
01100100101111111110000001000001001100010111100110110010100111111111011110110010100000000001001100110000000000000000000000000000000000000000000000000000000000000000000000000000000000000000000000000010
00010000101101011000110110101010001100000111010011011101000010011001110010000000111110111110111100100000000000000000000000000000000000000000000000000000000000000000000000000000000000000000000000000001
