# n
290
# seed
1
# w
37
# H^transpose (each line corresponds to column of H, the identity part is omitted)
0010111100101101100100001010011010011010010110111101011011010011101011000000111110100101101111101100000100001010100110001011111100111101010100010
0011010011101000100110110000100101001010111011100010110101110000000011111101010010101001010001110110010001000010010000111111001000111111001101011
1001001010101011010110100000010100001111001000001101000010011000101111101101101001000111100010011001110111000100111101001001100111100010100010111
0110100110110100100010010011110111001010000100111110011111110110010111010101111010101011000111101110101010101000011100011001100111011011101001110
1000101100011110001000111000000011110000101110001110111100000011110100001001100110000010100010101111100001101101010100000100011010001011010110101
0110110101001111001010011101100011111111000111011111100001101111111000100001001001000001011100101110101100110110110010011111111010010101111000011
1111111011010001101111111110111000000001010100010011001011010001011110100100111101100110110011010010100111111101110100100100111100010000000111001
0001111001100100100011010100011001101010110111101000000110111101010101100000111100111001100010101111111001000001111000100011110111111100010011001
0101000110111101110110001100001110001011010010010000100100000110010010000111100111011011101100110111111100010000100110000001110000101011001011101
0101011100100001001001010001101000111111000010101100001100011001010100011001011111101011101011100000111010101100110000111111100011100011001100011
0100111001100110010000001100111100010010000000011011110000111101001110101111011111100111010110110010101101110001000111000111111001000001100110111
0001111101110101001110000010000010000011000101110001001011100000000100100100011001000000000011100101111110101100001111111111110101010001000010110
1110101100100100011111001010001110100100000110000111101010100000001100100001010001100111010111011101010010111111010100110111110101011011010000001
1101101101011101011000101101100010011011001001011110101001011011110000010110110011111010000011110101111100111010100001000101011110111111110010101
0011111111100000010110111101011100110001101010101000101111000000010101100100011000100101101101000010100001101110111111100000000111000001110011101
0101000100100101010101001101111000100100000100110111001110111101011101111101000101111000101111000101101010011011000000010000001110100100111110000
1111000001011001010101111001011000101101000100111110101001110011110101001110100110101100101000101010000111011101010001111011000001100001100010101
0111000001100110000101111110001000111000000001001000000010101011111110011000010011011000111000111010000010011000011001010001111101111101001001101
0011010110011101101011001001001111101000010110110110010010100001001010010110011111110011010011111111101010011011100100001000011001010110111110011
1111000111010000101001001111000100011111110001000000101111101100100101101101101011000110100110111011010110011110101110100010100000000001101001001
0110100010100011111001001101010110100001101111010110000111010110100011001000111110001101000100111000111111111010111000001111001001110101010110111
0111010111110111011110100010101010010110001010010110001101110011100110010110101010011110101010001010110100001001001001100001110110110111000001010
0001110110001111110111101010010101101101111110111000111101010001100001110110000001001100100001100001011001000000010101101100011101110001101110101
1000100010110100110101110000100111101100001001010011000111001010000111001000100101000111011011010110011101011000001101100001111010110011000101000
0101000000111000011110111111101010010001000110100001100001101100010101100011111100111101100110010010010010110011110100110100000100110000000001011
0011100101111111100010000010010111101100011011011100101111100011010011100000111100111110101111111001110100010101100000110111010011110000110011101
1011011011000011110101001101000101010111000111101110010100110100100100101111110000100000100111111110010101001101001110010000000100111100101011100
0010000101110100100100100111000100000100010100101101010100110011011110010001011000010001111111100100101000010111000110001011100100000101110011111
1001110110111100011010001110010101100100101101011101101011100001001100101101111100000110001001111111111111001111101111010100101011110011011110111
0100100101101000111110100011101111110101001011011111010011101001001011000111111110010101110001111110110010010100000010111011111101110110100000110
0110110100001110100000000111110101101001101110011111111001100010010001001110001111001100001010110110110001011011100010000110000000100110111000011
0101011100010010000100111100010101011110000001100101100101000101001111001111010110011100011100101101101010110010100101011100001111101011001010110
1000111110100100001000101111011001011011110110101101111000001100111001111111000110100101111101001010001010001001000101111010010000100110111011011
0010101000011100111000101100111111100000110000100000011111100100100011010010110000001011000010101111000010110111011000010011110001001110111101000
0011011011111001000111111110111000001011101101001010100010101100010101100010110110000110001101001011000011110100101100111110001001111101100110110
1001111100100011000011110100011000011111010111101011001100111001111001100101101010110001000111111100101110011011100001100001101000000111000100010
1101011010101101101111001100100111011101000011100000100101101010000011000111110101000000110001001110110010101011001000000001100110111010000100010
1100101001111111011010101110110010101010101100011110101011001000101110010011111010010010100110010001110110101011100101100101110101111100001100101
1101001100011001010101101101001111010101010000000111101100011001110010001011101010100100011001011100111110110101010011010100001001001010110100001
0001000000101101110010110001100000001001000101000100101101000110011100011001011101000110010011010101110011001110001110011101111100011000111011100
0111100100010010001100010011010001001011001111011011101011010011111010001010001011000010000000110000110011101111111010110010101100001100010100011
0011000110111100000100100101101011000101100110110110010001101101111110000010110011000000100111001100010000100001101101101010100110110011101110011
1011101011000001110101101111100110011000000000011001000000101011101111000101111000111011110000011111111011001000011110100110100001101000101000010
0010101100101100000101000101001000111001001100101111111000010001011001110010111001100000000011011101000000011110010111010011100011111000101100101
0110101100000010111111110010111000101000010111011010111001010000101110010011000000001011110111011000010011011010001101110100001010001000000001011
1000000100000111000010100010110011101111100001111100110111100001011101100101101000101100001110100000111000100010110110001000010110100100111010101
1000000010100010000100010110100111110001100101001110110001100010100011100101001001001100110001001101111101000010010100101010110011111111011000110
0110001011100111110001010101001010011011111100001000010001100101001001010011110000101000000110111111001110000100110011000010001101011111000000001
1001000001010111101001011011011101111011111010010101011001011101000101111110111001101000100010001010010010000001001001000110010110010110001000011
1101011100110000100011001100010110011110111001100011111100100000001001001010011101001100110101000100111100000101110001001111011000111111100111110
1010010110111000111001010111100100000011000011001111010100011110100011110010100010000100110000111001001111000000100110010001000010111000001100111
0010011110000110011111101001111010010101010110000101101101010000011000011100000111111100101010111011110101001110010101011110100110111001100110011
1111010000110011100010000110100101010101010001101010010111101110110011111100000001111000100111101010100110001101111111100010100110010110001111111
1011110110011000101010010010010101001110111001111011010111101110111000100000010011100101000110101000110000010101000000010100000001000110011111110
1111001001100101100011111100111111001010011110000110000001011101000110000010000011011111110110111110101000010010110101100001001110000010011101000
0001101100110110110110000101100000100000000001100100110000010101010101100000111001101010001000011001110101101001010001100011100110100110100101000
0010101111010011111010000011101011010101101110001001000010000100000001010010110100110110110011000110101010000010000100110000000100010100000011111
0001110111010000101001010001010110111110101001010010111101100111100000000100111111011101011101111100101010000001111010010000101110011011110101100
0011100111110100010111111110111100001010010010010011000010110111011011101111010000111111010010010100111010110101110111111000110001110000111110111
1101001010111110001101010100110101101010000000101110101111110010111010010001110000011111000000000011000111100101011110101010010110101010011110101
0111100000100100100011000011010000001011000110010111110111010101100011100110100000110010111010010101110011011111000000110010111100101100000010010
1011111010100101110111110001010001101100001111001100001001110011100100001110110101101100001011001111011101110001000111011110000100001001000100111
1000110101000010101010111101111011000010011000011000001000101000101011000011011100101001110010010111001101010101111110100000010111010001100100110
0011111010000101101000110000100100011101000011100010000001001011000100001100110011111111001101111100010001111101111101001101011001000011010000100
1000111110010000000101010011100100010101100001000100011010010111110111000000110010100011111011010101010111110110000111010000011011111001011000101
0000100001101011101010101010010011000110010001111011001011100010011100110111001110101011110000010110000100011001000110100101100001100110100011101
0000100011000001011010101011110000111001011010100100001110000100000010001111101010100101011000111000100100011100111001110111001000100000010111001
0011110111111011011111010010010010110011100110001001011000011101110000000000110001000111010011110011111101010100110001100011101101011101100010110
0011011000011000001110011010100101011011000110110011111001000110100101111100000000110000010000000100000001001001110010000100000110000101101001101
0101000000001101001111111001000010001111100000010001000101000110010101011010110111001111111010001101010010011110010111111011010101110011100110110
0111111010111100111010001000000011111000000000011001110111001011101101000000101001000010010101111111110001000111101001111010010010110011100001000
0011100111001010110100101100011101100010101111101000110111010001000001111110111000000011111000111010011011001110111111001011011011100111111100000
0100111110001110000101000001101001010010110010000110011110101111111010001001110111111111111010110011100011110101001111010011011001010000010001001
0100001100011101000101100010001100100001101110100110100001011101000100010101111110111101110100010011001001101110000100100001010110011101110110110
1110110011000100001100111110010100100100001101010100010001000001000101111100001011110000111011001011111111010000010010010111011100100111010001000
1100111001000100000101101011001011010001101111101110001011111110011100010001010010111011001011110101110101111100110110101000100010111010011100110
1000000011010100100110001110011010110011101011001000100001010001101000001001110011110001011110111001100100001001011000010011010100010110100010000
0101100010100111111101110000001110000010101101000011100101101011111001111010100110111011000011000010000101111000101010110101010101110100001000111
1110100111000101010100001001111111001111100000111011111110100110110111111011100110111100111100000100010010010001001010110000010110111100001101110
1101001010011001011011101001101000100111100101010000011001101000111011111010001111000001100110110110100101111001000010000111101100001111000011001
0010111001110010011111111001011010111010011101010110110111000010101101001110111111101010101001010110010100011111100110110110110010101100011000101
1010010001000001111101110110110111111010110000101010110111111110001011010100100000100000001101011011000100111000010010110010100110001000100110111
1001110110100000001110001010110110110101010111001011011101011010000001100011010000011010101110101100111101111010000011000101010100000000101000110
0101011000101001111110111010101101110110101110001101111101010000101111000010001000100000001111010001001000111000101010001011010000110111001011100
1001100111000111000011010101000011011101000001000101100110011001100111010001010010011101011001011011000101111000100000001110001111000110010110001
0000000101110110110000011010111101011011011001000000000110100110110001111100001110001100011111101010111001100101001000011000101100001100000001111
1110111101100011111010100001000100100001101111011010001011101000010001000001001000100101110110110010101110001000000110010001011110011100011001000
1011110100100001011001000011001110101101111100101000010010100110101111111010101001101100001011000000111111011110011010100100101111110111100111010
1100010011110000001111010001110000110111011100010100111101010011001110001101100001101000011111110111110011000111101000110010101111111100000100001
0110001001101000000000001011111011000010110101001101000001101011100001100101111011110011001100110010001001110110010100100001010111100010111000000
1101000000001110010001011100000100111010001001100101001101110001101010110000101111011100011011010000001011101011100011001010110000111010111100111
1000001100110011110010101001111101100000110110000010100010100011101000001011111011110000101110011000101111011110010001110101000010110100100110011
1001101011101001011111111101110101100101011010110110010110110110001000010100111010101101110111101011110011111001100111001000100010001001010110000
1111010010011011100001001100100101111101000111011001011011101110100010011000101100101011000101101101101000000000111011000110010001010000111001001
0011101001111111100011110000100011010101010100010001111100101000010111101001111011111100101011111101110111111001011101101001001110101111011000111
0001000100100010000000010111010110101111011001010100000001100001111110110101011010010111010101110010110110111100010100011000101110011100111000011
0000101001111111001011001010101000100101110011101001101110011100010111001010111111100100000010011011101011101110110110110011111110101011001111110
1100101011010011110111011111011000110000000110011100100100100100111100101101011000011111111101100001010111100011100000111000010101001110011000111
1100110010111111000111110111000000111100101010101011000011101001010001101011001011010111010110011000000111101010100110000110001110100111100110101
0000010001101111111011001001010001110011101000011010110010100001110100101010110000100010110001100000011100010010001011000010100111111110000000110
1110111101010110100010111101110010110000011011011100100110011000111010001010011000001110110001100101000000011000011100100111110000000100101010000
1011000111110101110001011101110010110101100010010010011101110000100000000001000100001100110010000001000101000100000011111111000111000110010011110
0110100101001101110110011011011101101110100101001111111011110001110011001011000111101110000011010001111010011111010001011001101001101001111011111
1010101111100101100011110001010110000001001000000011011111100111010110111000111001111001011001111100010100011011100101001000110011101011011010111
0001000111010100001010111000110100001111011000000011111000110100000010010000011110001010110111001100101001110011100000000110001101000000010000001
1000011001000110110010000111000001110001110111001000111010111110010111010101011111011110010011111010110011100110111010011101110101100000000010001
0011111100101001001111100100011110111111011001100011001010001011100101000000111110110011000101010110100011011100100110111001010110001011111111111
1100001011011001110011111111000110010100011111101101100111001111001110111110011110100000110010100100011100111011001001100010100110010000110011001
1111010001101110001000110011000011000110000000110000000110011000010000010111010001101001110001110101010001011100010000101001001000010100111101110
1101000101101110110110000101011010010001110001101110000011100000111101100111010110000101111011111110001000001010010110000111110110111100001100001
0001110100100110010001010001110000001000110100101011111110110010000110011101011010011000101110100001001111010010111011000001010000011110010111100
1001001011010111111011010110110010101100010101010011011001100110001100000001111000110010110111101101001101110011000010111110111010000100101111000
0011111110101000111111110000010100000001111010110111000011000001001011110100101111101111010010111011010010110101110110101000110101011111010010101
0110000110110100011011010100100011110000101101101101000100000101010101010001011101111110110011001100010101100011010000001000110101010100010110000
1100011101000110000001010010111001010001010100100110011101111001001100001101111000111011011011010111000001100100110010011010110001000111110010011
0011011010010100000101000000100001010111100011001111101000110110111011100110000101000000010100010111000111101010011000001100011111100011011110010
0100101001000100011000001001010100010101111001001110001111000101101101001101010011110100110101111000000111100011000101111110110111000111000000001
0101101111010001011111110101100101101011010110000101101110101010010111000001001000101100101111110110110011101100011101100111001011000011101111111
1011110101111010100101111010000000101100110011011111001011000011111011101010101100111110001110100101011010001101111001001010101011110111110110010
1011000001000010011100011011000101110011010101010101011100111000010111101111000010100001010111001111111110010100111111000000101111110110000101001
1101111101000000100110011011001110001001110111011100010111100111011010001111110101100011000101110100100000010011001001110111100001100010011110100
1011011010111101010010011010001011011111001101110111110111100110010111111100101011001111001010110011100101111101111011010000111010110110010011011
0001011001111000111101010000001000001010101011001111010101000001110100100011011000001111001000111110010110001101100101110010011011001101001110000
1010001010101100001000100111010000000010001000001000101000001010100010101010011001001011011100111100111010000010101110001000001100100001100010100
0000111111011111101011111011111010010100001001100111110111010111000001111101111111110110110001101011100101101011100011000011011010001000010000100
1100101110000110110100000101110111110110111100001111001100100101000001010100010101111010101001001010101101011100101100011010001111111100110001000
1111011100100110011010000000111100000111001110010111010110111001111100000111100011110011111011001000110001000101101111000001010110001111101010110
0100000110110001100000111110000111100100110101000001011111100101111110011010100000011110000000001000111001011011010001101101110000111111000011100
0011010001110000110010010111111001010001110111101011100001101011010111000111110101101101110001001101001110100101001011011101010000001111010101110
1110010101010001001010110010101111011010110111000000011001001001011011000000001001010001100111011001011000011111101000101110000001000000100111001
1110001101100000000100101001011011001110011000011101100110001100111011100001100100111001001110000000101100000011011010111110100011010110010001010
0010001011100010110110011001010000100011110011110000011011100110101101001000011110111111000110011110010111001001100111111100111010111011000110100
1010010100101000010000010110010001011010101001101100101000010110101000110001111101001101101100010100010100101001000000101011110101101100111010000
1100100111110010111100010111010000100001101111011011000001100100000001100011111000100100011110101111101010000001110101111110101010101011111000011
1010010110100111100001011101010010100101100101011101010101011101010010110001000000111111000100001011010100110111100010001010101101010101011011100
1101100101011101101100011010000111100000100101101000110110111000101110100100000000101010101111010101100100001101011011001010000110101101111110100
0000001111000110010000110010000111010001010101000111101010101101001001101001110001000100101101100000111111001010000001000001001111011010010101010
1110000101000100100001000110000101000101000011000011100111101101000000011111100010010111101011110010011011010011101101101111000100100010001000111
1000010011011001110010101100100111011011111111110001110110000111010111110111100111101101010111001110010101110111101110010001001011101100110001101
1001101101101111100011000010111001110000000010000001110000011000110000101000000000111001110000001010110001101010010101010000001010001111111011001
1111010101101011011001011100100001111000101000110110100010100010000010010000101010001010010011000010010111111111001111101101101010111111100111000
0001111001111111000111010101010101010101000100101011001100010010110011110100100101000110100010000011001110010001000110011000101000010100110100000
0110011001000110101111000011000101011011000010011001000110010100100011111110100001001111000001001010111100011100100011001110111111011110111011011
1101010011111111111100001001110010010001110110100010010011111111111011110100111000110110101011000010101111010001111100010000011000010011111001100
1100000100111110101100010000010001110101010000100010100110110011011001111100010001011110101101111101100010111100011011111010101111100011110010001
# s^transpose
1011111000010011001101101000010001111101001010110001010000100111011011100111010000010010101011101111010111110000011000000111001011011100111111110
