# n
230
# seed
1
# w
30
# H^transpose (each line corresponds to column of H, the identity part is omitted)
0010111100101101100100001010011010011010010110111101011011010011101011000000111110100101101111101100000100001010100
1100010111111001111010101000100011010011101000100110110000100101001010111011100010110101110000000011111101010010101
0010100011101100100010000100100001111110010001111110011010111001001010101011010110100000010100001111001000001101000
0100110001011111011011010010001111000100110011101110001001111010010011001111000101000101110110100110110100100010010
0111101110010100001001111100111111101100101110101011110101010110001111011101010101010000111000110011001110110111010
0111010001011000111100010001110000000111100001011100011101111000000111101000010011001100000101000101011111000011011
0101010000010001101000101101011010101101101010011110010100111011000111111110001110111111000011011111110001000010010
0100000101110010111010110011011011001001111111101001010111100001111111110110100011011111111101110000000010101000100
1100101101000101111010010011110110011011001101001010011111110111010010010011110001000000011100100011110011001001000
1101010001100110101011011110100000011011110101010110000011110011100110001010111111100100000111100010001111011111110
0010011001010100011011110111011000110000111000101101001001000010010000011001001000011110011101101110110011011111110
0010000100110000001110000101011001011101010101110010000100100101000110100011111100001010110000110001100101010001100
1011111101011101011100000111010101100110000111111100011100011001100011010011100110011001000000110011110001001000000
0011011110000111101001110101111011111100111010110110010101101110001000111000111111001000001100110111000111110111010
1001110000010000010000011000101110001001011100000000100100100011001000000000011100101111110101100001111111111110101
0100010000101101110101100100100011111001010001110100100000110000111101010100000001100100001010001100111010111011101
0100101111110101001101111101010110110100000011101101101011101011000101101100010011011001001011110101001011011110000
0101101100111110100000111101011111001110101000010001010111101111111100101010011111111100000010110111101011100110001
1010101010001011110000000101011001000110001001011011010000101000011011101111111000000001110000011100111010101000100
1001010101010011011110001001000001001101110011101111010111011111010001011110001011110001011010100110110000000100000
0111010010011111000011110000010110010101011110010110001011010001001111101010011100111101010011101001101011001010001
0101000011101110101000111101100000110000110001010101110000011001100001011111100010001110000000010010000000101010111
1111001100001001101100011100011101000001001100001100101000111110111110100100110100110101100111011010110010010011111
0100001011011011001001010000100101001011001111111001101001111111110101001101110010000100001100101011011111001111110
0011101000010100100111100010001111111000100000010111110110010010110110110101100011010011011101101011001111010111010
0010100000000001101001001011010001010001111100100110101011010000110111101011000011101011010001100100011111000110100
0100111000111111111010111000001111001001110101010110111011101011111011101111010001010101001011000101001011000110111
0011100110010110101010011110101010001010110100001001001001100001110110110111000001010000111011000111111011110101001
0101101101111110111000111101010001100001110110000001001100100001100001011001000000010101101100011101110001101110101
1000100010110100110101110000100111101100001001010011000111001010000111001000100101000111011011010110011101011000001
1011000011110101100110001010000101000000111000011110111111101010010001000110100001100001101100010101100011111100111
1011001100100100100101100111101001101000001001100000000010110011100101111111100010000010010111101100011011011100101
1111000110100111000001111001111101011111110011101000101011000001101110100111100001100111011011011011000011110101001
1010001010101110001111011100101001101001001001011111100001000001001111111100101010011010011100100000001001111001010
1110000100001011101001001001001110001000001000101001011010101001100110111100100010110000100011111111001001010000101
1100011000101110010000010111001111110011101101111000110100011100101011001001011010111011010111000010011001011011111
0000011000100111111111111100111110111101010010101111001101111011101001001011010001111101000111011111101010010110111
1101001110100100101100011111111001010111000111111011001001010000001011101111110111011010000011001101101000011101000
0000011111010110100110111001111111100110001001000100111000111100110000101011011011000101101110001000011000000010011
0111000011010101110001001000010011110001010101111000000110010110010100010100111100111101011001110001110010110110101
0110010100101011100001111101011001010110100011111010010000100010111101100101101111011010110111100000110011100111111
1000110100101111101001010001010001001000101111010010000100110111011011001010100001110011100010110011111110000011000
0100000011111100100100011010010110000001011000010101111000010110111011000010011110001001110111101000001101101111100
1000111111110111000001011101101001010100010101100010101100010110110000110001101001011000011110100101100111110001001
1111011001101101001111100100011000011110100011000011111010111101011001100111001111001100101101010110001000111111100
1011100110111000011000011010000001110001000101101011010101101101111001100100111011101000011100000100101101010000011
0001111101010000001100010011101100101010110010000000011001101110100001000101100101001111111011010101110110010101010
1011000111101010110010001011100100111110100100101001100100011101101010111001011001011101011111000011001011101001100
0110010101011011010011110101010100000001111011000110011100100010111010101001000110010111001111101101010100110101000
0100100101011010000100010000001011011100101100011000000010010001010001001011010001100111000110010111010001100100110
1010111001100111000111001110111110001100011101110001111001000100100011000100110100010010110011110110111010110100111
1101000101000101100001000000011000011001110111111101011001010110000110001010001100110001101111000001001001011010110
0010110011011011001000110110111111000001011001100000010011100110001000010000110110110101010011011001110111001110111
0101100000111010110111110011001100000000001100100000010101110111100010111100011101111000001111111101100100001111010
0110100001101000101000010001010110010110000010100010100100011100100110010111111100001000101100111001011100110000000
0011011101000000011110010111010011100011111000101100101011010110000001011111111001011100010100001011101101011100101
0000101110010011000000001011110111011000010011011010001101110100001010001000000001011100000010000011100001010001011
0011101111100001111100110111100001011101100101101000101100001110100000111000100010110110001000010110100100111010101
1000000010100010000100010110100111110001100101001110110001100010100011100101001001001100110001001101111101000010010
1001010101100111111110110001100110001011100111110001010101001010011011111100001000010001100101001001010011110000101
0000001101111110011100001001100110000100011010111110000000011001000001010111101001011011011101111011111010010101011
0010111010001011111101110011010001000100010100100100000010010010001100101100101100010000111101011100110000100011001
1000101100111101110011000111111001000000010010010100111010011001101010001001111000001011100010011110110001111111001
1111010100101101110001110010101111001000000110000110011110101000111101000111100101000100001001100001110010011110000
0010011001000100001011100000110011100100111100001100111111010011110100101010101100001011011010100000110000111000001
1111110010101011101111010100111001010101111010011011100110011001111110100001100111000100001101001010101010100011010
1001011110111011001111110000000111100010011110101010011000110111111110001010011001011000111111110111101100110001010
1001001001010100111011100111101101011110111011100010000001001110010100011010100011000001010100000001010000000100011
0011111110111100100110010110001111110011111100101001111000011000000101110100011000001000001101111111011011111010100
0010010110101100001001110000010011101000000110110011011011011000010110000010000000000110010011000001010101010110000
0111001101010001000011001110101101001010001100011100110100110100101000001010111101001111101000001110101101010110111
0001001000010000100000001010010110100110110110011000110101010000010000100110000000100010100000011111000111011101000
0101001010001010110111110101001010010111101100111100000000100111111011101011101111100101010000001111010010000101110
0110111101011000011100111110100010111111110111100001010010010010011000010110111011011101111010000111111010010010100
1110101101011101111110001100011100001111101111101001010111110001101010100110101101010000000101110101111110010111010
0100011100000111110000000000110001111001010111101010100101101010100111101010111100000100100100011000011010000001011
0001100101111101110101011000111001101000001100101110100101011100110111110000001100101111001011000000100101011111010
1001011101111100010100011011000011110011000010011100111001000011101101011011000010110011110111011100010001110111100
0010000100100010011110001101010000101010101111011110110000100110000110000010001010001010110000110111001010011100100
1011100110101010111111010000001011101000110010011000111110100001011010001100001001000111010000111000100000010010110
0010000110011001111111100110111110001000111110111110100110101100100001101000010010001111100100000001010100111001000
1010110000100010001101001011111011100000011001010001111101101010101011111011000011101000001101111100101100010100001
0000110101110101010101001001100011001000111101100101110001001110011011100111010101111000001011000010001100100011010
0101100001100110100011101000010001100000101101010101111000011100101101010010000111000010000001000111110101010010101
1000111000100100011100111001110111001000100000010111001001111011111101101111101001001001011001110011000100101100001
1101110000000000110001000111010011110011111101010100110001100011101101011101100010110001101100001100000111001101010
0101011011000110110011111001000110100101111100000000110000010000000100000001001001110010000100000110000101101001101
0101000000001101001111111001000010001111100000010001000101000110010101011010110111001111111010001101010010011110010
1111110110101011100111001101100111111010111100111010001000000011111000000000011001110111001011101101000000101001000
0100101011111111100010001111010011110100100101100111000010000011100111001010110100101100011101100010101111101000110
1110100010000011111101110000000111110001110100110110011101111110010110110111001111111000000100111110001110000101000
0011010010100101100100001100111101011111110100010011101111111111110101100111000111101010011110100110110010100000100
0100101000011000111010001011000100011001000011011101001101000010111010001000101011111101111011101000100110010011011
1000010010000101011001110111011011011101100110001000011001111100101001001000011010101000100010000010001011111000010
1111000011101100101111111101000001001001011101110010011101000100011001110010001000001011010110010110100011011111011
1000101111111001110001000101001011101100101111010111010111110011011010100010001011101001110011010000000110101001001
1000111001101011001110101100100010000101000110100000100111001111000101111011100110010000100101100001001101010001011
0100010000010110001010011111110111000000111000001010110100001110010110101111100111101010011011101100001100001000010
1111000101010110101010101110100001000111111010011100010101010000100111111100111110000011101111111010011011011111101
1100110111100111100000100010010010001001010110000010110111100001101110110100101001100101101110100110100010011110010
1010000011001101000111011111010001111000001100110110110100101111001000010000111101100001111000011001001011100111001
0011111111001011010111010011101010110110111000010101101001110111111101010101001010110010100011111100110110110110010
1011000110001011010010001000001111101110110110111111010110000101010110111111110001011010100100000100000001101011011
0001001110000100101100101001100010001001101111001110110100000001110001010110110110101010111001011011101011010000001
1000110100000110101011101011001111011110100000110001010101000000001010001100101011000101001111110111010101101110110
1011100011011111010100001011110000100010001000000011110100010010001110001010100010110100001101110010111001001100111
0001110000110101010000110111010000010001011001100110011001110100010100100111010110010110110001011110001000000011100
0111100011001011000100000001011101101100000110101111010110110110010000000001101001101100011111000011100011000111111
0101011100110010100100001100010110000110000000111111101111011000111110101000010001001000011011110110100010111010000
1000100000100100010010111011011001010111000100000011001000101111001110001100100010111101001000010110010000110011101
0110111110010100001001010011010111111101010100110110000101100000011111101111001101010010010111111011110011101011000
1001111000000111101000111000011011101110001010011110101001100111000110110000110100001111111011111001100011110100011
0010101111111100000100001011000100110100000000000101111101100001011010100110100000110101110000110010111101111001100
1100110010001001110110010100100001010111100010111000000110100000000111001000101110000010011101000100110010100110111
0001101010110000101111011100011011010000001011101011100011001010110000111010111100111100000110011001111001010100111
# s^transpose
1101100000110110000010100010100011101000001011111011110000101110011000101111011110010001110101000010110100100110011
