# n
280
# seed
1
# w
35
# H^transpose (each line corresponds to column of H, the identity part is omitted)
00101111001011011001000010100110100110100101101111010110110100111010110000001111101001011011111011000001000010101001100010111111001111010101
00010001101001110100010011011000010010100101011101110001011010111000000001111110101001010100101000111011001000100001001000011111100100011111
10011010111001001010101011010110100000010100001111001000001101000010011000101111101101101001000111100010011001110111000100111101001001100111
10001010001011101101001101101001000100100111101110010100001001111100111111101100101110101011110101010110001111011101010101010000111000110011
00111011011101001110100010110001111000100011100000001111000010111000111011110000001111010000100110011000001010001010111110000110110101010000
01000110100010110101101010110110101001111001010011101100011111111000111011111100001101111111000100001001001000001011100101110101100110110110
01001111111101001010111100001111111110110100011011111111101110000000010101000100110010110100010111101001001111011001101100110100101001111111
01110100100100111100010000000111001000111100110010010001101010001100110101011011110100000011011110101010110000011110011100110001010111111100
10000011110001000111101111111000100110010101000110111101110110001100001110001011010010010000100100000110010010000111100111011011101100110111
11110001000010011000000111000010101100101110101010111001000010010010100011010001111110000101011000011000110010101000110010111111010111010111
00000111010101100110000111111100011100011001100011010011100110011001000000110011110001001000000001101111000011110100111010111101111110011101
01101100101011011100010001110001111110010000011001101110001111101110101001110000010000010000011000101110001001011100000000100100100011001000
00000001110010111111010110000111111111111010101000100001011011101011001001000111110010100011101001000001100001111010101000000011001000010100
01100111010111011101010010111111010100110111110101011011010000001110110110101110101100010110110001001101100100101111010100101101111000001011
01100111110100000111101011111001110101000010001010111101111111100101010011111111100000010110111101011100110001101010101000101111000000010101
10010001100010010110110100001010000110111011111110000000011100000111001110101010001001001010101010011011110001001000001001101110011101111010
11101111101000101111000101111000101101010011011000000010000001110100100111110000111100000101100101010111100101100010110100010011111010100111
00111101010011101001101011001010001010100001110111010100011110110000011000011000101010111000001100110000101111110001000111000000001001000000
01010101111111001100001001101100011100011101000001001100001100101000111110111110100100110100110101100111011010110010010011111010000101101101
10010010100001001010010110011111110011010011111111101010011011100100001000011001010110111110011111100011101000010100100111100010001111111000
10000001011111011001001011011011010110001101001101110110101100111101011101000101000000000011010010010110100010100011111001001101010110100001
10111101011000011101011010001100100011111000110100010011100011111111101011100000111100100111010101011011101110101111101110111101000101010100
10110001010010110001101110011100110010110101010011110101010001010110100001001001001100001110110110111000001010000111011000111111011110101001
01011011011111101110001111010100011000011101100000010011001000011000010110010000000101011011000111011100011011101011000100010110100110101110
00010011110110000100101001100011100101000011100100010010100011101101101011001110101100000110110000111101011001100010100001010000001110000111
10111111101010010001000110100001100001101100010101100011111100111101100110010010010010110011110100110100000100110000000001011001110010111111
11000100000100101111011000110110111001011111000110100111000001111001111101011111110011101000101011000001101110100111100001100111011011011011
00001111010100110100010101011100011110111001010011010010010010111111000010000010011111111001010100110100111001000000010011110010101110000100
00101110100100100100111000100000100010100101101010100110011011110010001011000010001111111100100101000010111000110001011100100000101110011111
10011101101111000110100011100101011001001011010111011010111000010011001011011111000001100010011111111111110011111011110101001010111100110111
10111010010010110100011111010001110111111010100101101111101001110100100101100011111111001010111000111111011001001010000001011101111110111011
01000001100110110100001110100000000111110101101001101110011111111001100010010001001110001111001100001010110110110001011011100010000110000000
10011011100001101010111000100100001001111000101010111100000011001011001010001010011110011110101100111000111001011011010101100101001010111000
01111101011001010110100011111010010000100010111101100101101111011010110111100000110011100111111100011010010111110100101000101000100100010111
10100100001001101110110110010101000011100111000101100111111100000110000100000011111100100100011010010110000001011000010101111000010110111011
00001001111000100111011110100000110110111110010001111111101110000010111011010010101000101011000101011000101101100001100011010010110000111101
00101100111110001001111101100110110100111110010001100001111010001100001111101011110101100110011100111100110010110101011000100011111110010111
00110111000011000011010000001110001000101101011010101101101111001100100111011101000011100000100101101010000011000111110101000000110001001110
11001010101100100000000110011011101000010001011001010011111110110101011101100101010101011000111101010110010001011100100111110100100101001100
10001110110101011100101100101110101111100001100101110100110001100101010110110100111101010101000000011110110001100111001000101110101010010001
10010111001111101101010100110101000010010010101101000010001000000101101110010110001100000001001000101000100101101000110011100011001011101000
11001001101010111001100111000111001110111110001100011101110001111001000100100011000100110100010010110011110110111010110100111110100010100010
11000010000000110000110011101111111010110010101100001100010100011001100011011110000010010010110101100010110011011011001000110110111111000001
01100110000001001110011000100001000011011011010101001101100111011100111011101011000001110101101111100110011000000000011001000000101011101111
00010111100011101111000001111111101100100001111010011010000110100010100001000101011001011000001010001010010001110010011001011111110000100010
11001110010111001100000000011011101000000011110010111010011100011111000101100101011010110000001011111111001011100010100001011101101011100101
00001011100100110000000010111101110110000100110110100011011101000010100010000000010111000000100000111000010100010110011101111100001111100110
11110000101110110010110100010110000111010000011100010001011011000100001011010010011101010110000000101000100001000101101001111100011001010011
10110001100010100011100101001001001100110001001101111101000010010100101010110011111111011000110011000101110011111000101010100101001101111110
00010000100011001010010010100111100001010000001101111110011100001001100110000100011010111110000000011001000001010111101001011011011101111011
11101001010101100101110100010111111011100110100010001000101001001000000100100100011001011001011000100001111010111001100001000110011000101100
11110111001100011111100100000001001001010011101001100110101000100111100000101110001001111011000111111100111110101001011011100011100101011110
01000000110000110011110101000111101000111100101000100001001100001110010011110000001001100100010000101110000011001110010011110000110011111101
00111101001010101011000010110110101000001100001110000011111110010101011101111010100111001010101111010011011100110011001111110100001100111000
10000110100101010101010001101010010111101110110011111100000001111000100111101010100110001101111111100010100110010110001111111101111011001100
01010100100100101010011101110011110110101111011101110001000000100111001010001101010001100000101010000000101000000010001100111111101111001001
10010110001111110011111100101001111000011000000101110100011000001000001101111111011011111010100001001011010110000100111000001001110100000011
01100110110110110000101100000100000000001100100110000010101010101100000111001101010001000011001110101101001010001100011100110100110100101000
00101011110100111110100000111010110101011011100010010000100001000000010100101101001101101100110001101010100000100001001100000001000101000000
11111000111011101000010100101000101011011111010100101001011110110011110000000010011111101110101110111110010101000000111101001000010111001101
11101011000011100111110100010111111110111100001010010010010011000010110111011011101111010000111111010010010100111010110101110111111000110001
11000011111011111010010101111100011010101001101011010100000001011101011111100101110100100011100000111110000000000110001111001010111101010100
10110101010011110101011110000010010010001100001101000000101100011001011111011101010110001110011010000011001011101001010111001101111100000011
00101111001011000000100101011111010100101110111110001010001101100001111001100001001110011100100001110110101101100001011001111011101110001000
11101111000010000100100010011110001101010000101010101111011110110000100110000110000010001010001010110000110111001010011100100101110011010101
01111110100000010111010001100100110001111101000010110100011000010010001110100001110001000000100101100010000110011001111111100110111110001000
11111011111010011010110010000110100001001000111110010000000101010011100100010101100001000100011010010111110111000000110010100011111011010101
01011111011000011101000001101111100101100010100001000011010111010101010100100110001100100011110110010111000100111001101110011101010111100000
10110000100011001000110100101100001100110100011101000010001100000101101010101111000011100101101010010000111000010000001000111110101010010101
10001110001001000111001110011101110010001000000101110010011110111111011011111010010010010110011100110001001011000011101110000000000110001000
11101001111001111110101010011000110001110110101110110001011000110110000110000011100110101001010110110001101100111110010001101001011111000000
00110000010000000100000001001001110010000100000110000101101001101010100000000110100111111100100001000111110000001000100010100011001010101101
01101110011111110100011010100100111100101111110110101011100111001101100111111010111100111010001000000011111000000000011001110111001011101101
00000010100100001001010111111111000100011110100111101001001011001110000100000111001110010101101001011000111011000101011111010001101110100010
00001111110111000000011111000111010011011001110111111001011011011100111111100000010011111000111000010100000110100101001011001000011001111010
11111110100010011101111111111110101100111000111101010011110100110110010100000100010010100001100011101000101100010001100100001101110100110100
00101110100010001010111111011110111010001001100100110111000010010000101011001110111011011011101100110001000011001111100101001001000011010101
00010001000001000101111100001011110000111011001011111111010000010010010111011100100111010001000110011100100010000010110101100101101000110111
11011100010111111100111000100010100101110110010111101011101011111001101101010001000101110100111001101000000011010100100110001110011010110011
10101100100010000101000110100000100111001111000101111011100110010000100101100001001101010001011010001000001011000101001111111011100000011100
00010101101000011100101101011111001111010100110111011000011000010000101111000101010110101010101110100001000111111010011100010101010000100111
11110011111000001110111111101001101101111110111001101111001111000001000100100100010010101100000101101111000011011101101001010011001011011101
00110100010011110010101000001100110100011101111101000111100000110011011011010010111100100001000011110110000111100001100100101110011100100111
11111001011010111010011101010110110111000010101101001110111111101010101001010110010100011111100110110110110010101100011000101101001000100000
11111011101101101111110101100001010101101111111100010110101001000001000000011010110110001001110000100101100101001100010001001101111001110110
10000000111000101011011011010101011100101101110101101000000110001101000001101010111010110011110111101000001100010101010000000010100011001010
11000101001111110111010101101110110101110001101111101010000101111000010001000100000001111010001001000111000101010001011010000110111001011100
10011001110001110000110101010000110111010000010001011001100110011001110100010100100111010110010110110001011110001000000011100011110001100101
10001000000010111011011000001101011110101101101100100000000011010011011000111110000111000110001111110101011100110010100100001100010110000110
00000011111110111101100011111010100001000100100001101111011010001011101000010001000001001000100101110110110010101110001000000110010001011110
01110001100100010111101001000010110010000110011101011011111001010000100101001101011111110101010011011000010110000001111110111100110101001001
01111110111100111010110001001111000000111101000111000011011101110001010011110101001100111000110110000110100001111111011111001100011110100011
00101011111111000001000010110001001101000000000001011111011000010110101001101000001101011100001100101111011110011001100110010001001110110010
10010000101011110001011100000011010000000011100100010111000001001110100010011001010011011100011010101100001011110111000110110100000010111010
11100011001010110000111010111100111100000110011001111001010100111110110000011011000001010001010001110100000101111101111000010111001100010111
10111100100011101010000101101001001100111001101011101001011111111101110101100101011010110110010110110110001000010100111010101101110111101011
11001111100110011100100010001000100101011000011110100100110111000010011001001011111010001110110010110111011101000100110001011001010110001011
01101101000000000111011000110010001010000111001001001110100111111110001111000010001101010101010001000111110010100001011110100111101111110010
10111111011101111110010111011010010011101011110110001110001000100100010000000010111010110101111011001010100000001100001111110110101011010010
11101010111001011011011110001010001100010111001110011100001100001010011111110010110010101010001001011100111010011011100111000101110010101111
11100100000010011011101011101110110110110011111110101011001111110110010101101001111011101111101100011000000011001110010010010010011110010110
10110000111111111011000010101111000111000001110000101010011100110001111100110010111111000111110111000000111100101010101011000011101001010001
10101100101101011101011001100000011110101010011000011000111010011110011010100000100011011111110110010010100011100111010000110101100101000011
10100101010110000100010110001100000011100010010001011000010100111111110000000110111011110101011010001011110111001011000001101101110010011001
10001110100010100110000011101100011001010000000110000111001001111100000001001010100001011000111110101110001011101110010110101100010010010011
10111000010000000000100010000110011001000000100010100010000001111111100011100011001001111001101001010011011101100110110111011011101001010011
11111011110001110011001011000111101110000011010001111010011111010001011001101001101001111011111101010111110010110001111000101011000000100100
00000110111111001110101101110001110011110010110011111000101000110111001010010001100111010110110101110001000111010100001010111000110100001111
01100000001111100011010000001001000001111000101011011100110010100111001110000000011000110100000001000000110000110010001101100100001110000011
10001110111001000111010111110010111010101011111011110010011111010110011100110111010011101110101100000000010001001111110010100100111110010001
11101111110110011000110010100010111001010000001111101100110001010101101000110111001001101110010101100010111111111111100001011011001110011111
11100011001010001111110110110011100111100111011111001111010000011001010010001110011101100100110001010011001000011001100111110100011011100010
00110011000011000110000000110000000110011000010000010111010001101001110001110101010001011100010000101001001000010100111101110110100010110111
01101100001010110100100011100011011100000111000001111011001110101100001011110111111100010000010100101100001111101101111000011000010001110100
10011001000101000111000000100011010010101111111011001000011001110101101001100010111010000100111101001011101100000101000001111001011110010010
01011010111111011010110110010101100010101010011011001100110001100000001111000110010110111101101001101110011000010111110111010000100101111000
00111111101010001111111100000101000000011110101101110000110000010010111101001011111011110100101110110100101101011101101010001101010111110100
10101011000011011010001101101010010001111000010110110110100010000010101010101000101110111111011001100110001010110001101000000100011010101010
00101100001100011101000110000001010010111001010001010100100110011101111001001100001101111000111011011011010111000001100100110010011010110001
00011111001001100110110100101000001010000001000010101111000110011111010001101101110111001100001010000000101000101110001111010100110000011000
11111100011011110010010010100100010001100000100101010001010111100100111000111100010110110100110101001111010011010111100000011110001100010111
11101101110001110000000010101101111010001011111110101100101101011010110000101101110101010010111000001001000101100101111110110110011101100011
10110011100101100001110111111110111101011110101001011110100000001011001100110111110010110000111110111010101011001111100011101001010110100011
01111001001010101011110111110110010101100000100001001110001101100010111001101010101010101110011100001011110111100001010000101011100111111111
00101001111110000001011111101100001010011101111101000000100110011011001110001001110111011100010111100111011010001111110101100011000101110100
10000001001100100111011110000110001001111010010110110101111010100100110100010110111110011011101111101111001100101111111001010110011110010101
10011100101111101111011010000111010110110010011011000101100111100011110101000000100000101010101100111101010100000111010010001101100000111100
10001111100101100011011001011100100110110011010011100001010001010101100001000100111010000000010001000001000101000001010100010101010011001001
01101110011110011101000001010111000100000110010000110001010000001111110111111010111110111110100101000010011001111101110101110000011111011111
11110110110001101011100101101011100011000011011010001000010000100110010111000011011010000010111011111011011110000111100110010010100000101010
00101011110101010010010101011010111001011000110100011111111001100010001111011100100110011010000000111100000111001110010111010110111001111100
00011110001111001111101100100011000100010110111100000101011000111110101011001000001101100011000001111100001111001001101010000010111111001011
11110011010100000011110000000001000111001011011010001101101110000111111000011100001101000111000011001001011111100101000111011110101110000110
10110101110001111101011011011100010011010011101001010010110111010100000011110101011101110010101010001001010110010101111011010110111000000011
00100100101101100000000100101000110011101100101100001111110100010111000000100000010011100111100011011000000001001010010110110011100110000111
01100110001100111011100001100100111001001110000000101100000011011010111110100011010110010001010001000101110001011011001100101000010001111001
11100000110111001101011010010000111101111110001100111100101110010011001111111001110101110110001101001010010100101000010000010110010001011010
10100110110010100001011010100011000111110100110110110001010001010010100100000010101111010110110011101000011001001111100101111000101110100001
00001101111011011000001100100000001100011111000100100011110101111101010000001110101111110101010101011111000011101001011010011110000101110101
00101001011001010111010101010111010100101100010000001111110001000010110101001101111000100010101011010101010110111001101100101011101101100011
# s^transpose
01000011110000010010110100011011011100010111010010000000010101010111101010110010000110101101100101000011010110111111010000000011110001100100
