# n
260
# seed
1
# w
33
# H^transpose (each line corresponds to column of H, the identity part is omitted)
0010111100101101100100001010011010011010010110111101011011010011101011000000111110100101101111101100000100001010100110001011111100
1111010101000100011010011101000100110110000100101001010111011100010110101110000000011111101010010101001010001110110010001000010010
0001111110010001111110011010111001001010101011010110100000010100001111001000001101000010011000101111101101101001000111100010011001
1101110001001111010010011001111000101000101110110100110110100100010010011110111001010000100111110011111110110010111010101111010101
0110001111011101010101010000111000110011001110110111010011101000101100011110001000111000000011110000101110001110111100000011110100
0010011001100000101000101011111000011011010101000001000110100010110101101010110110101001111001010011101100011111111000111011111100
0011011111110001000010010010000010111001011101011001101101100100111111110100101011110000111111111011010001101111111110111000000001
0101000100110010110100010111101001001111011001101100110100101001111111011101001001001111000100000001110010001111001100100100011010
1000110011010101101111010000001101111010101011000001111001110011000101011111110010000011110001000111101111111000100110010101000110
1111011101100011000011100010110100100100001001000001100100100001111001110110111011001101111111000100001001100000011100001010110010
1110101010111001000010010010100011010001111110000101011000011000110010101000110010111111010111010111000001110101011001100001111111
0001110001100110001101001110011001100100000011001111000100100000000110111100001111010011101011110111111001110101101100101011011100
0100011100011111100100000110011011100011111011101010011100000100000100000110001011100010010111000000001001001000110010000000000111
0010111111010110000111111111111010101000100001011011101011001001000111110010100011101001000001100001111010101000000011001000010100
0110011101011101110101001011111101010011011111010101101101000000111011011010111010110001011011000100110110010010111101010010110111
1000001011011001111101000001111010111110011101010000100010101111011111111001010100111111111000000101101111010111001100011010101010
0010111100000001010110010001100010010110110100001010000110111011111110000000011100000111001110101010001001001010101010011011110001
0010000010011011100111011110101110111110100010111100010111100010110101001101100000001000000111010010011111000011110000010110010101
0111100101100010110100010011111010100111001111010100111010011010110010100010101000011101110101000111101100000110000110001010101110
0000110011000010111111000100011100000000100100000001010101111111001100001001101100011100011101000001001100001100101000111110111110
1001001101001101011001110110101100100100111110100001011011011001001010000100101001011001111111001101001111111110101001101110010000
1000011001010110111110011111100011101000010100100111100010001111111000100000010111110110010010110110110101100011010011011101101011
0011110101110100010100000000001101001001011010001010001111100100110101011010000110111101011000011101011010001100100011111000110100
0100111000111111111010111000001111001001110101010110111011101011111011101111010001010101001011000101001011000110111001110011001011
0101010011110101010001010110100001001001001100001110110110111000001010000111011000111111011110101001010110110111111011100011110101
0001100001110110000001001100100001100001011001000000010101101100011101110001101110101100010001011010011010111000010011110110000100
1010011000111001010000111001000100101000111011011010110011101011000001101100001111010110011000101000010100000011100001111011111110
1010010001000110100001100001101100010101100011111100111101100110010010010010110011110100110100000100110000000001011001110010111111
1100010000010010111101100011011011100101111100011010011100000111100111110101111111001110100010101100000110111010011110000110011101
1011011011000011110101001101000101010111000111101110010100110100100100101111110000100000100111111110010101001101001110010000000100
1111001010111000010000101110100100100100111000100000100010100101101010100110011011110010001011000010001111111100100101000010111000
1100010111001000001011100111111001110110111100011010001110010101100100101101011101101011100001001100101101111100000110001001111111
1111110011111011110101001010111100110111101110100100101101000111110100011101111110101001011011111010011101001001011000111111110010
1011100011111101100100101000000101110111111011101101000001100110110100001110100000000111110101101001101110011111111001100010010001
0011100011110011000010101101101100010110111000100001100000001001101110000110101011100010010000100111100010101011110000001100101100
1010001010011110011110101100111000111001011011010101100101001010111000011111010110010101101000111110100100001000101111011001011011
1101101011011110000011001110011111110001101001011111010010100010100010010001011110100100001001101110110110010101000011100111000101
1001111111000001100001000000111111001001000110100101100000010110000101011110000101101110110000100111100010011101111010000011011011
1110010001111111101110000010111011010010101000101011000101011000101101100001100011010010110000111101001011001111100010011111011001
1011010011111001000110000111101000110000111110101111010110011001110011110011001011010101100010001111111001011100110111000011000011
0100000011100010001011010110101011011011110011001001110111010000111000001001011010100000110001111101010000001100010011101100101010
1100100000000110011011101000010001011001010011111110110101011101100101010101011000111101010110010001011100100111110100100101001100
1000111011010101110010110010111010111110000110010111010011000110010101011011010011110101010100000001111011000110011100100010111010
1010010001100101110011111011010101001101010000100100101011010000100010000001011011100101100011000000010010001010001001011010001100
1110001100101110100011001001101010111001100111000111001110111110001100011101110001111001000100100011000100110100010010110011110110
1110101101001111101000101000101100001000000011000011001110111111101011001010110000110001010001100110001101111000001001001011010110
0010110011011011001000110110111111000001011001100000010011100110001000010000110110110101010011011001110111001110111010110000011101
0110111110011001100000000001100100000010101110111100010111100011101111000001111111101100100001111010011010000110100010100001000101
0110010110000010100010100100011100100110010111111100001000101100111001011100110000000001101110100000001111001011101001110001111100
0101100101011010110000001011111111001011100010100001011101101011100101000010111001001100000000101111011101100001001101101000110111
0100001010001000000001011100000010000011100001010001011001110111110000111110011011110000101110110010110100010110000111010000011100
0100010110110001000010110100100111010101100000001010001000010001011010011111000110010100111011000110001010001110010100100100110011
0001001101111101000010010100101010110011111111011000110011000101110011111000101010100101001101111110000100001000110010100100101001
1110000101000000110111111001110000100110011000010001101011111000000001100100000101011110100101101101110111101111101001010101100101
1101000101111110111001101000100010001010010010000001001001000110010110010110001000011110101110011000010001100110001011001111011100
1100011111100100000001001001010011101001100110101000100111100000101110001001111011000111111100111110101001011011100011100101011110
0100000011000011001111010100011110100011110010100010000100110000111001001111000000100110010001000010111000001100111001001111000011
0011111101001111010010101010110000101101101010000011000011100000111111100101010111011110101001110010101011110100110111001100110011
1111010000110011100010000110100101010101010001101010010111101110110011111100000001111000100111101010100110001101111111100010100110
0101100011111111011110110011000101010010010010101001110111001111011010111101110111000100000010011100101000110101000110000010101000
0000101000000010001100111111101111001001100101100011111100111111001010011110000110000001011101000110000010000011011111110110111110
1010000100101101011000010011100000100111010000001101100110110110110000101100000100000000001100100110000010101010101100000111001101
0100010000110011101011010010100011000111001101001101001010000010101111010011111010000011101011010101101110001001000010000100000001
0100101101001101101100110001101010100000100001001100000001000101000000111110001110111010000101001010001010110111110101001010010111
1011001111000000001001111110111010111011111001010100000011110100100001011100110111101011000011100111110100010111111110111100001010
0100100100110000101101110110111011110100001111110100100101001110101101011101111110001100011100001111101111101001010111110001101010
1001101011010100000001011101011111100101110100100011100000111110000000000110001111001010111101010100101101010100111101010111100000
1001001000110000110100000010110001100101111101110101011000111001101000001100101110100101011100110111110000001100101111001011000000
1001010111110101001011101111100010100011011000011110011000010011100111001000011101101011011000010110011110111011100010001110111100
0010000100100010011110001101010000101010101111011110110000100110000110000010001010001010110000110111001010011100100101110011010101
0111111010000001011101000110010011000111110100001011010001100001001000111010000111000100000010010110001000011001100111111110011011
1110001000111110111110100110101100100001101000010010001111100100000001010100111001000101011000010001000110100101111101110000001100
1010001111101101010101011111011000011101000001101111100101100010100001000011010111010101010100100110001100100011110110010111000100
1110011011100111010101111000001011000010001100100011010010110000110011010001110100001000110000010110101010111100001110010110101001
0000111000010000001000111110101010010101100011100010010001110011100111011100100010000001011100100111101111110110111110100100100101
1001110011000100101100001110111000000000011000100011101001111001111110101010011000110001110110101110110001011000110110000110000011
1001101010010101101100011011001111100100011010010111110000000011000001000000010000000100100111001000010000011000010110100110101010
0000000110100111111100100001000111110000001000100010100011001010101101011011100111111101000110101001001111001011111101101010111001
1100110110011111101011110011101000100000001111100000000001100111011100101110110100000010100100001001010111111111000100011110100111
1010010010110011100001000001110011100101011010010110001110110001010111110100011011101000100000111111011100000001111100011101001101
1001110111111001011011011100111111100000010011111000111000010100000110100101001011001000011001111010111111101000100111011111111111
1010110011100011110101001111010011011001010000010001001010000110001110100010110001000110010000110111010011010000101110100010001010
1111110111101110100010011001001101110000100100001010110011101110110110111011001100010000110011111001010010010000110101010001000100
0001000101111100001011110000111011001011111111010000010010010111011100100111010001000110011100100010000010110101100101101000110111
1101110001011111110011100010001010010111011001011110101110101111100110110101000100010111010011100110100000001101010010011000111001
1010110011101011001000100001010001101000001001110011110001011110111001100100001001011000010011010100010110100010000010110001010011
1111101110000001110000010101101000011100101101011111001111010100110111011000011000010000101111000101010110101010101110100001000111
1110100111000101010100001001111111001111100000111011111110100110110111111011100110111100111100000100010010010001001010110000010110
1111000011011101101001010011001011011101001101000100111100101010000011001101000111011111010001111000001100110110110100101111001000
0100001111011000011110000110010010111001110010011111111001011010111010011101010110110111000010101101001110111111101010101001010110
0101000111111001101101101100101011000110001011010010001000001111101110110110111111010110000101010110111111110001011010100100000100
0000011010110110001001110000100101100101001100010001001101111001110110100000001110001010110110110101010111001011011101011010000001
1000110100000110101011101011001111011110100000110001010101000000001010001100101011000101001111110111010101101110110101110001101111
1010100001011110000100010001000000011110100010010001110001010100010110100001101110010111001001100111000111000011010101000011011101
0000010001011001100110011001110100010100100111010110010110110001011110001000000011100011110001100101100010000000101110110110000011
0101111010110110110010000000001101001101100011111000011100011000111111010101110011001010010000110001011000011000000011111110111101
1000111110101000010001001000011011110110100010111010000100010000010010001001011101101100101011100010000001100100010111100111000110
0100010111101001000010110010000110011101011011111001010000100101001101011111110101010011011000010110000001111110111100110101001001
0111111011110011101011000100111100000011110100011100001101110111000101001111010100110011100011011000011010000111111101111100110001
1110100011001010111111110000010000101100010011010000000000010111110110000101101010011010000011010111000011001011110111100110011001
1001000100111011001010010000101011110001011100000011010000000011100100010111000001001110100010011001010011011100011010101100001011
1101110001101101000000101110101110001100101011000011101011110011110000011001100111100101010011111011000001101100000101000101000111
0100000101111101111000010111001100010111101111001000111010100001011010010011001110011010111010010111111111011101011001010110101101
1001011011011000100001010011101010110111011110101111001111100110011100100010001000100101011000011110100100110111000010011001001011
1110100011101100101101110111010001001100010110010101100010110110110100000000011101100011001000101000011100100100111010011111111000
1111000010001101010101010001000111110010100001011110100111101111110010101111110111011111100101110110100100111010111101100011100010
0010010001000000001011101011010111101100101010000000110000111111011010101101001011101010111001011011011110001010001100010111001110
0111000011000010100111111100101100101010100010010111001110100110111001110001011100101011111110010000001001101110101110111011011011
0011111110101011001111110110010101101001111011101111101100011000000011001110010010010010011110010110101100001111111110110000101011
1100011100000111000010101001110011000111110011001011111100011111011100000011110010101010101100001110100101000110101100101101011101
0110011000000111101010100110000110001110100111100110101000001000110111111101100100101000111001110100001101011001010000111010010101
0110000100010110001100000011100010010001011000010100111111110000000110111011110101011010001011110111001011000001101101110010011001
1000111010001010011000001110110001100101000000011000011100100111110000000100101010000101100011111010111000101110111001011010110001
0010010011101110000100000000001000100001100110010000001000101000100000011111111000111000110010011110011010010100110111011001101101
1101101110100101001111111011110001110011001011000111101110000011010001111010011111010001011001101001101001111011111101010111110010
1100011110001010110000001001000000011011111100111010110111000111001111001011001111100010100011011100101001000110011101011011010111
0001000111010100001010111000110100001111011000000011111000110100000010010000011110001010110111001100101001110011100000000110001101
0000000100000011000011001000110110010000111000001110001110111001000111010111110010111010101011111011110010011111010110011100110111
0100111011101011000000000100010011111100101001001111100100011110111111011001100011001010001011100101000000111110110011000101010110
1000110111001001101110010101100010111111111111100001011011001110011111111000110010100011111101101100111001111001110111110011110100
0001100101001000111001110110010011000101001100100001100110011111010001101110001000110011000011000110000000110000000110011000010000
0101110100011010011100011101010100010111000100001010010010000101001111011101101000101101110110110000101011010010001110001101110000
0111000001111011001110101100001011110111111100010000010100101100001111101101111000011000010001110100100110010001010001110000001000
1101001010111111101100100001100111010110100110001011101000010011110100101110110000010100000111100101111001001001011010111111011010
1101100101011000101010100110110011001100011000000011110001100101101111011010011011100110000101111101110100001001011110000011111110
1010001111111100000101000000011110101101110000110000010010111101001011111011110100101110110100101101011101101010001101010111110100
1010101100001101101000110110101001000111100001011011011010001000001010101010100010111011111101100110011000101011000110100000010001
1010101010001011000011000111010001100000010100101110010100010101001001100111011110010011000011011110001110110110110101110000011001
0011001001101011000100011111001001100110110100101000001010000001000010101111000110011111010001101101110111001100001010000000101000
1011100011110101001100000110001111110001101111001001001010010001000110000010010101000101011110010011100011110001011011010011010100
# s^transpose
1111010011010111100000011110001100010111111011011100011100000000101011011110100010111111101011001011010110101100001011011101010100
