# n
200
# seed
1
# w
27
# H^transpose (each line corresponds to column of H, the identity part is omitted)
0010111100101101100100001010011010011010010110111101011011010011101011000000111110100101101111101100
0001000010101001100010111111001111010101000100011010011101000100110110000100101001010111011100010110
1011100000000111111010100101010010100011101100100010000100100001111110010001111110011010111001001010
1010110101101000000101000011110010000011010000100110001011111011011010010001111000100110011101110001
0011110100100110011110001010001011101101001101101001000100100111101110010100001001111100111111101100
1011101010111101010101100011110111010101010100001110001100110011101101110100111010001011000111100010
0011100000001111000010111000111011110000001111010000100110011000001010001010111110000110110101010000
0100011010001011010110101011011010100111100101001110110001111111100011101111110000110111111100010000
1001001000001011100101110101100110110110010011111111010010101111000011111111101101000110111111111011
1000000001010100010011001011010001011110100100111101100110110011010010100111111101110100100100111100
0100000001110010001111001100100100011010100011001101010110111101000000110111101010101100000111100111
0011000101011111110010000011110001000111101111111000100110010101000110111101110110001100001110001011
0100100100001001000001100100100001111001110110111011001101111111000100001001100000011100001010110010
1110101010111001000010010010100011010001111110000101011000011000110010101000110010111111010111010111
0000011101010110011000011111110001110001100110001101001110011001100100000011001111000100100000000110
1111000011110100111010111101111110011101011011001010110111000100011100011111100100000110011011100011
1110111010100111000001000001000001100010111000100101110000000010010010001100100000000001110010111111
0101100001111111111110101010001000010110111010110010010001111100101000111010010000011000011110101010
0000001100100001010001100111010111011101010010111111010100110111110101011011010000001110110110101110
1011000101101100010011011001001011110101001011011110000010110110011111010000011110101111100111010100
0010001010111101111111100101010011111111100000010110111101011100110001101010101000101111000000010101
1001000110001001011011010000101000011011101111111000000001110000011100111010101000100100101010101001
1011110001001000001001101110011101111010111011111010001011110001011110001011010100110110000000100000
0111010010011111000011110000010110010101011110010110001011010001001111101010011100111101010011101001
1010110010100010101000011101110101000111101100000110000110001010101110000011001100001011111100010001
1100000000100100000001010101111111001100001001101100011100011101000001001100001100101000111110111110
1001001101001101011001110110101100100100111110100001011011011001001010000100101001011001111111001101
0011111111101010011011100100001000011001010110111110011111100011101000010100100111100010001111111000
1000000101111101100100101101101101011000110100110111011010110011110101110100010100000000001101001001
0110100010100011111001001101010110100001101111010110000111010110100011001000111110001101000100111000
1111111110101110000011110010011101010101101110111010111110111011110100010101010010110001010010110001
1011100111001100101101010100111101010100010101101000010010010011000011101101101110000010100001110110
0011111101111010100101011011011111101110001111010100011000011101100000010011001000011000010110010000
0001010110110001110111000110111010110001000101101001101011100001001111011000010010100110001110010100
0011100100010010100011101101101011001110101100000110110000111101011001100010100001010000001110000111
1011111110101001000100011010000110000110110001010110001111110011110110011001001001001011001111010011
0100000100110000000001011001110010111111110001000001001011110110001101101110010111110001101001110000
0111100111110101111111001110100010101100000110111010011110000110011101101101101100001111010100110100
0101010111000111101110010100110100100100101111110000100000100111111110010101001101001110010000000100
1111001010111000010000101110100100100100111000100000100010100101101010100110011011110010001011000010
0011111111001001010000101110001100010111001000001011100111111001110110111100011010001110010101100100
1011010111011010111000010011001011011111000001100010011111111111110011111011110101001010111100110111
1011101001001011010001111101000111011111101010010110111110100111010010010110001111111100101011100011
1111011001001010000001011101111110111011010000011001101101000011101000000001111101011010011011100111
1111100110001001000100111000111100110000101011011011000101101110001000011000000010011011100001101010
1110001001000010011110001010101111000000110010110010100010100111100111101011001110001110010110110101
0110010100101011100001111101011001010110100011111010010000100010111101100101101111011010110111100000
1100111001111111000110100101111101001010001010001001000101111010010000100110111011011001010100001110
0111000101100111111100000110000100000011111100100100011010010110000001011000010101111000010110111011
0000100111100010011101111010000011011011111001000111111110111000001011101101001010100010101100010101
1000101101100001100011010010110000111101001011001111100010011111011001101101001111100100011000011110
1000110000111110101111010110011001110011110011001011010101100010001111111001011100110111000011000011
0100000011100010001011010110101011011011110011001001110111010000111000001001011010100000110001111101
0100000011000100111011001010101100100000000110011011101000010001011001010011111110110101011101100101
0101010110001111010101100100010111001001111101001001010011001000111011010101110010110010111010111110
0001100101110100110001100101010110110100111101010101000000011110110001100111001000101110101010010001
1001011100111110110101010011010100001001001010110100001000100000010110111001011000110000000100100010
1000100101101000110011100011001011101000110010011010101110011001110001110011101111100011000111011100
0111100100010010001100010011010001001011001111011011101011010011111010001010001011000010000000110000
1100111011111110101100101011000011000101000110011000110111100000100100101101011000101100110110110010
0011011011111100000101100110000001001110011000100001000011011011010101001101100111011100111011101011
0000011101011011111001100110000000000110010000001010111011110001011110001110111100000111111110110010
0001111010011010000110100010100001000101011001011000001010001010010001110010011001011111110000100010
1100111001011100110000000001101110100000001111001011101001110001111100010110010101101011000000101111
1111001011100010100001011101101011100101000010111001001100000000101111011101100001001101101000110111
0100001010001000000001011100000010000011100001010001011001110111110000111110011011110000101110110010
1101000101100001110100000111000100010110110001000010110100100111010101100000001010001000010001011010
0111110001100101001110110001100010100011100101001001001100110001001101111101000010010100101010110011
1111110110001100110001011100111110001010101001010011011111100001000010001100101001001010011110000101
0000001101111110011100001001100110000100011010111110000000011001000001010111101001011011011101111011
1110100101010110010111010001011111101110011010001000100010100100100000010010010001100101100101100010
0001111010111001100001000110011000101100111101110011000111111001000000010010010100111010011001101010
0010011110000010111000100111101100011111110011111010100101101110001110010101111001000000110000110011
1101010001111010001111001010001000010011000011100100111100000010011001000100001011100000110011100100
1111000011001111110100111101001010101011000010110110101000001100001110000011111110010101011101111010
1001110010101011110100110111001100110011111101000011001110001000011010010101010101000110101001011110
1110110011111100000001111000100111101010100110001101111111100010100110010110001111111101111011001100
0101010010010010101001110111001111011010111101110111000100000010011100101000110101000110000010101000
0000101000000010001100111111101111001001100101100011111100111111001010011110000110000001011101000110
0000100000110111111101101111101010000100101101011000010011100000100111010000001101100110110110110000
1011000001000000000011001001100000101010101011000001110011010100010000110011101011010010100011000111
0011010011010010100000101011110100111110100000111010110101011011100010010000100001000000010100101101
0011011011001100011010101000001000010011000000010001010000001111100011101110100001010010100010101101
1111010100101001011110110011110000000010011111101110101110111110010101000000111101001000010111001101
1110101100001110011111010001011111111011110000101001001001001100001011011101101110111101000011111101
0010010100111010110101110111111000110001110000111110111110100101011111000110101010011010110101000000
0101110101111110010111010010001110000011111000000000011000111100101011110101010010110101010011110101
0111100000100100100011000011010000001011000110010111110111010101100011100110100000110010111010010101
1100110111110000001100101111001011000000100101011111010100101110111110001010001101100001111001100001
0011100111001000011101101011011000010110011110111011100010001110111100001000010010001001111000110101
0000101010101111011110110000100110000110000010001010001010110000110111001010011100100101110011010101
0111111010000001011101000110010011000111110100001011010001100001001000111010000111000100000010010110
0010000110011001111111100110111110001000111110111110100110101100100001101000010010001111100100000001
0101001110010001010110000100010001101001011111011100000011001010001111101101010101011111011000011101
0000011011111001011000101000010000110101110101010101001001100011001000111101100101110001001110011011
1001110101011110000010110000100011001000110100101100001100110100011101000010001100000101101010101111
0000111001011010100100001110000100000010001111101010100101011000111000100100011100111001110111001000
1000000101110010011110111111011011111010010010010110011100110001001011000011101110000000000110001000
1110100111100111111010101001100011000111011010111011000101100011011000011000001110011010100101011011
0001101100111110010001101001011111000000001100000100000001000000010010011100100001000001100001011010
# s^transpose
0110101010000000011010011111110010000100011111000000100010001010001100101010110101101110011111110100
