# n
250
# seed
1
# w
32
# H^transpose (each line corresponds to column of H, the identity part is omitted)
00101111001011011001000010100110100110100101101111010110110100111010110000001111101001011011111011000001000010101001100010111
11100111101010100010001101001110100010011011000010010100101011101110001011010111000000001111110101001010100101000111011001000
10000100100001111110010001111110011010111001001010101011010110100000010100001111001000001101000010011000101111101101101001000
11110001001100111011100010011110100100110011110001010001011101101001101101001000100100111101110010100001001111100111111101100
10111010101111010101011000111101110101010101000011100011001100111011011101001110100010110001111000100011100000001111000010111
00011101111000000111101000010011001100000101000101011111000011011010101000001000110100010110101101010110110101001111001010011
10110001111111100011101111110000110111111100010000100100100000101110010111010110011011011001001111111101001010111100001111111
11011010001101111111110111000000001010100010011001011010001011110100100111101100110110011010010100111111101110100100100111100
01000000011100100011110011001001000110101000110011010101101111010000001101111010101011000001111001110011000101011111110010000
01111000100011110111111100010011001010100011011110111011000110000111000101101001001000010010000011001001000011110011101101110
11001101111111000100001001100000011100001010110010111010101011100100001001001010001101000111111000010101100001100011001010100
01100101111110101110101110000011101010110011000011111110001110001100110001101001110011001100100000011001111000100100000000110
11110000111101001110101111011111100111010110110010101101110001000111000111111001000001100110111000111110111010100111000001000
00100000110001011100010010111000000001001001000110010000000000111001011111101011000011111111111101010100010000101101110101100
10010001111100101000111010010000011000011110101010000000110010000101000110011101011101110101001011111101010011011111010101101
10100000011101101101011101011000101101100010011011001001011110101001011011110000010110110011111010000011110101111100111010100
00100010101111011111111001010100111111111000000101101111010111001100011010101010001011110000000101011001000110001001011011010
00010100001101110111111100000000111000001110011101010100010010010101010100110111100010010000010011011100111011110101110111110
10001011110001011110001011010100110110000000100000011101001001111100001111000001011001010101111001011000101101000100111110101
00111001111010100111010011010110010100010101000011101110101000111101100000110000110001010101110000011001100001011111100010001
11000000001001000000010101011111110011000010011011000111000111010000010011000011001010001111101111101001001101001101011001110
11010110010010011111010000101101101100100101000010010100101100111111100110100111111111010100110111001000010000110010101101111
10011111100011101000010100100111100010001111111000100000010111110110010010110110110101100011010011011101101011001111010111010
00101000000000011010010010110100010100011111001001101010110100001101111010110000111010110100011001000111110001101000100111000
11111111101011100000111100100111010101011011101110101111101110111101000101010100101100010100101100011011100111001100101101010
10011110101010001010110100001001001001100001110110110111000001010000111011000111111011110101001010110110111111011100011110101
00011000011101100000010011001000011000010110010000000101011011000111011100011011101011000100010110100110101110000100111101100
00100101001100011100101000011100100010010100011101101101011001110101100000110110000111101011001100010100001010000001110000111
10111111101010010001000110100001100001101100010101100011111100111101100110010010010010110011110100110100000100110000000001011
00111001011111111000100000100101111011000110110111001011111000110100111000001111001111101011111110011101000101011000001101110
10011110000110011101101101101100001111010100110100010101011100011110111001010011010010010010111111000010000010011111111001010
10011010011100100000001001111001010111000010000101110100100100100111000100000100010100101101010100110011011110010001011000010
00111111110010010100001011100011000101110010000010111001111110011101101111000110100011100101011001001011010111011010111000010
01100101101111100000110001001111111111111001111101111010100101011110011011110111010010010110100011111010001110111111010100101
10111110100111010010010110001111111100101011100011111101100100101000000101110111111011101101000001100110110100001110100000000
11111010110100110111001111111100110001001000100111000111100110000101011011011000101101110001000011000000010011011100001101010
11100010010000100111100010101011110000001100101100101000101001111001111010110011100011100101101101010110010100101011100001111
10101100101011010001111101001000010001011110110010110111101101011011110000011001110011111110001101001011111010010100010100010
01000101111010010000100110111011011001010100001110011100010110011111110000011000010000001111110010010001101001011000000101100
00101011110000101101110110000100111100010011101111010000011011011111001000111111110111000001011101101001010100010101100010101
10001011011000011000110100101100001111010010110011111000100111110110011011010011111001000110000111101000110000111110101111010
11001100111001111001100101101010110001000111111100101110011011100001100001101000000111000100010110101101010110110111100110010
01110111010000111000001001011010100000110001111101010000001100010011101100101010110010000000011001101110100001000101100101001
11111101101010111011001010101010110001111010101100100010111001001111101001001010011001000111011010101110010110010111010111110
00011001011101001100011001010101101101001111010101010000000111101100011001110010001011101010100100011001011100111110110101010
01101010000100100101011010000100010000001011011100101100011000000010010001010001001011010001100111000110010111010001100100110
10101110011001110001110011101111100011000111011100011110010001001000110001001101000100101100111101101110101101001111101000101
00010110000100000001100001100111011111110101100101011000011000101000110011000110111100000100100101101011000101100110110110010
00110110111111000001011001100000010011100110001000010000110110110101010011011001110111001110111010110000011101011011111001100
11000000000011001000000101011101111000101111000111011110000011111111011001000011110100110100001101000101000010001010110010110
00001010001010010001110010011001011111110000100010110011100101110011000000000110111010000000111100101110100111000111110001011
00101011010110000001011111111001011100010100001011101101011100101000010111001001100000000101111011101100001001101101000110111
01000010100010000000010111000000100000111000010100010110011101111100001111100110111100001011101100101101000101100001110100000
11100010001011011000100001011010010011101010110000000101000100001000101101001111100011001010011101100011000101000111001010010
01001100110001001101111101000010010100101010110011111111011000110011000101110011111000101010100101001101111110000100001000110
01010010010100111100001010000001101111110011100001001100110000100011010111110000000011001000001010111101001011011011101111011
11101001010101100101110100010111111011100110100010001000101001001000000100100100011001011001011000100001111010111001100001000
11001100010110011110111001100011111100100000001001001010011101001100110101000100111100000101110001001111011000111111100111110
10100101101110001110010101111001000000110000110011110101000111101000111100101000100001001100001110010011110000001001100100010
00010111000001100111001001111000011001111110100111101001010101011000010110110101000001100001110000011111110010101011101111010
10011100101010111101001101110011001100111111010000110011100010000110100101010101010001101010010111101110110011111100000001111
00010011110101010011000110111111110001010011001011000111111110111101100110001010100100100101010011101110011110110101111011101
11000100000010011100101000110101000110000010101000000010100000001000110011111110111100100110010110001111110011111100101001111
00001100000010111010001100000100000110111111101101111101010000100101101011000010011100000100111010000001101100110110110110000
10110000010000000000110010011000001010101010110000011100110101000100001100111010110100101000110001110011010011010010100000101
01111010011111010000011101011010101101110001001000010000100000001010010110100110110110011000110101010000010000100110000000100
01010000001111100011101110100001010010100010101101111101010010100101111011001111000000001001111110111010111011111001010100000
01111010010000101110011011110101100001110011111010001011111111011110000101001001001001100001011011101101110111101000011111101
00100101001110101101011101111110001100011100001111101111101001010111110001101010100110101101010000000101110101111110010111010
01000111000001111100000000001100011110010101111010101001011010101001111010101111000001001001000110000110100000010110001100101
11110111010101100011100110100000110010111010010101110011011111000000110010111100101100000010010101111101010010111011111000101
00011011000011110011000010011100111001000011101101011011000010110011110111011100010001110111100001000010010001001111000110101
00001010101011110111101100001001100001100000100010100010101100001101110010100111001001011100110101010111111010000001011101000
11001001100011111010000101101000110000100100011101000011100010000001001011000100001100110011111111001101111100010001111101111
10100110101100100001101000010010001111100100000001010100111001000101011000010001000110100101111101110000001100101000111110110
10101010111110110000111010000011011111001011000101000010000110101110101010101001001100011001000111101100101110001001110011011
10011101010111100000101100001000110010001101001011000011001101000111010000100011000001011010101011110000111001011010100100001
11000010000001000111110101010010101100011100010010001110011100111011100100010000001011100100111101111110110111110100100100101
10011100110001001011000011101110000000000110001000111010011110011111101010100110001100011101101011101100010110001101100001100
00011100110101001010110110001101100111110010001101001011111000000001100000100000001000000010010011100100001000001100001011010
01101010100000000110100111111100100001000111110000001000100010100011001010101101011011100111111101000110101001001111001011111
10110101011100111001101100111111010111100111010001000000011111000000000011001110111001011101101000000101001000010010101111111
11000100011110100111101001001011001110000100000111001110010101101001011000111011000101011111010001101110100010000011111101110
00000011111000111010011011001110111111001011011011100111111100000010011111000111000010100000110100101001011001000011001111010
11111110100010011101111111111110101100111000111101010011110100110110010100000100010010100001100011101000101100010001100100001
10111010011010000101110100010001010111111011110111010001001100100110111000010010000101011001110111011011011101100110001000011
00111110010100100100001101010100010001000001000101111100001011110000111011001011111111010000010010010111011100100111010001000
11001110010001000001011010110010110100011011111011100010111111100111000100010100101110110010111101011101011111001101101010001
00010111010011100110100000001101010010011000111001101011001110101100100010000101000110100000100111001111000101111011100110010
00010010110000100110101000101101000100000101100010100111111101110000001110000010101101000011100101101011111001111010100110111
01100001100001000010111100010101011010101010111010000100011111101001110001010101000010011111110011111000001110111111101001101
10111111011100110111100111100000100010010010001001010110000010110111100001101110110100101001100101101110100110100010011110010
10100000110011010001110111110100011110000011001101101101001011110010000100001111011000011110000110010010111001110010011111111
00101101011101001110101011011011100001010110100111011111110101010100101011001010001111110011011011011001010110001100010110100
10001000001111101110110110111111010110000101010110111111110001011010100100000100000001101011011000100111000010010110010100110
00100010011011110011101101000000011100010101101101101010101110010110111010110100000011000110100000110101011101011001111011110
10000011000101010100000000101000110010101100010100111111011101010110111011010111000110111110101000010111100001000100010000000
11110100010010001110001010100010110100001101110010111001001100111000111000011010101000011011101000001000101100110011001100111
01000101001001110101100101101100010111100010000000111000111100011001011000100000001011101101100000110101111010110110110010000
00000110100110110001111100001110001100011111101010111001100101001000011000101100001100000001111111011110110001111101010000100
01001000011011110110100010111010000100010000010010001001011101101100101011100010000001100100010111100111000110010001011110100
10000101100100001100111010110111110010100001001010011010111111101010100110110000101100000011111101111001101010010010111111011
11001110101100010011110000001111010001110000110111011100010100111101010011001110001101100001101000011111110111110011000111101
00011001010111111110000010000101100010011010000000000010111110110000101101010011010000011010111000011001011110111100110011001
10010001001110110010100100001010111100010111000000110100000000111001000101110000010011101000100110010100110111000110101011000
01011110111000110110100000010111010111000110010101100001110101111001111000001100110011110010101001111101100000110110000010100
01010001110100000101111101111000010111001100010111101111001000111010100001011010010011001110011010111010010111111111011101011
00101011010110110010110110110001000010100111010101101110111101011110011111001100111001000100010001001010110000111101001001101
11000010011001001011111010001110110010110111011101000100110001011001010110001011011011010000000001110110001100100010100001110
01001001110100111111110001111000010001101010101010001000111110010100001011110100111101111110010101111110111011111100101110110
10010011101011110110001110001000100100010000000010111010110101111011001010100000001100001111110110101011010010111010101110010
11011011110001010001100010111001110011100001100001010011111110010110010101010001001011100111010011011100111000101110010101111
11100100000010011011101011101110110110110011111110101011001111110110010101101001111011101111101100011000000011001110010010010
01001111001011010110000111111111011000010101111000111000001110000101010011100110001111100110010111111000111110111000000111100
10101010101100001110100101000110101100101101011101011001100000011110101010011000011000111010011110011010100000100011011111110
11001001010001110011101000011010110010100001110100101010110000100010110001100000011100010010001011000010100111111110000000110
11101111010101101000101111011100101100000110110111001001100110001110100010100110000011101100011001010000000110000111001001111
10000000100101010000101100011111010111000101110111001011010110001001001001110111000010000000000100010000110011001000000100010
10001000000111111110001110001100100111100110100101001101110110011011011101101110100101001111111011110001110011001011000111101
11000001101000111101001111101000101100110100110100111101111110101011111001011000111100010101100000010010000000110111111001110
10110111000111001111001011001111100010100011011100101001000110011101011011010111000100011101010000101011100011010000111101100
00000111110001101000000100100000111100010101101110011001010011100111000000001100011010000000100000011000011001000110110010000
11100000111000111011100100011101011111001011101010101111101111001001111101011001110011011101001110111010110000000001000100111
11100101001001111100100011110111111011001100011001010001011100101000000111110110011000101010110100011011100100110111001010110
00101111111111111000010110110011100111111110001100101000111111011011001110011110011101111100111101000001100101001000111001110
# s^transpose
11001001100010100110010000110011001111101000110111000100011001100001100011000000011000000011001100001000001011101000110100111
