# n
220
# seed
1
# w
29
# H^transpose (each line corresponds to column of H, the identity part is omitted)
00101111001011011001000010100110100110100101101111010110110100111010110000001111101001011011111011000001000010
10100110001011111100111101010100010001101001110100010011011000010010100101011101110001011010111000000001111110
10100101010010100011101100100010000100100001111110010001111110011010111001001010101011010110100000010100001111
00100000110100001001100010111110110110100100011110001001100111011100010011110100100110011110001010001011101101
00110110100100010010011110111001010000100111110011111110110010111010101111010101011000111101110101010101000011
10001100110011101101110100111010001011000111100010001110000000111100001011100011101111000000111101000010011001
10000010100010101111100001101101010100000100011010001011010110101011011010100111100101001110110001111111100011
10111111000011011111110001000010010010000010111001011101011001101101100100111111110100101011110000111111111011
01000110111111111011100000000101010001001100101101000101111010010011110110011011001101001010011111110111010010
01001111000100000001110010001111001100100100011010100011001101010110111101000000110111101010101100000111100111
00110001010111111100100000111100010001111011111110001001100101010001101111011101100011000011100010110100100100
00100100000110010010000111100111011011101100110111111100010000100110000001110000101011001011101010101110010000
10010010100011010001111110000101011000011000110010101000110010111111010111010111000001110101011001100001111111
00011100011001100011010011100110011001000000110011110001001000000001101111000011110100111010111101111110011101
01101100101011011100010001110001111110010000011001101110001111101110101001110000010000010000011000101110001001
01110000000010010010001100100000000001110010111111010110000111111111111010101000100001011011101011001001000111
11001010001110100100000110000111101010100000001100100001010001100111010111011101010010111111010100110111110101
01101101000000111011011010111010110001011011000100110110010010111101010010110111100000101101100111110100000111
10101111100111010100001000101011110111111110010101001111111110000001011011110101110011000110101010100010111100
00000101011001000110001001011011010000101000011011101111111000000001110000011100111010101000100100101010101001
10111100010010000010011011100111011110101110111110100010111100010111100010110101001101100000001000000111010010
01111100001111000001011001010101111001011000101101000100111110101001110011110101001110100110101100101000101010
00011101110101000111101100000110000110001010101110000011001100001011111100010001110000000010010000000101010111
11110011000010011011000111000111010000010011000011001010001111101111101001001101001101011001110110101100100100
11111010000101101101100100101000010010100101100111111100110100111111111010100110111001000010000110010101101111
10011111100011101000010100100111100010001111111000100000010111110110010010110110110101100011010011011101101011
00111101011101000101000000000011010010010110100010100011111001001101010110100001101111010110000111010110100011
00100011111000110100010011100011111111101011100000111100100111010101011011101110101111101110111101000101010100
10110001010010110001101110011100110010110101010011110101010001010110100001001001001100001110110110111000001010
00011101100011111101111010100101011011011111101110001111010100011000011101100000010011001000011000010110010000
00010101101100011101110001101110101100010001011010011010111000010011110110000100101001100011100101000011100100
01001010001110110110101100111010110000011011000011110101100110001010000101000000111000011110111111101010010001
00011010000110000110110001010110001111110011110110011001001001001011001111010011010000010011000000000101100111
00101111111100010000010010111101100011011011100101111100011010011100000111100111110101111111001110100010101100
00011011101001111000011001110110110110110000111101010011010001010101110001111011100101001101001001001011111100
00100000100111111110010101001101001110010000000100111100101011100001000010111010010010010011100010000010001010
01011010101001100110111100100010110000100011111111001001010000101110001100010111001000001011100111111001110110
11110001101000111001010110010010110101110110101110000100110010110111110000011000100111111111111100111110111101
01001010111100110111101110100100101101000111110100011101111110101001011011111010011101001001011000111111110010
10111000111111011001001010000001011101111110111011010000011001101101000011101000000001111101011010011011100111
11111001100010010001001110001111001100001010110110110001011011100010000110000000100110111000011010101110001001
00001001111000101010111100000011001011001010001010011110011110101100111000111001011011010101100101001010111000
01111101011001010110100011111010010000100010111101100101101111011010110111100000110011100111111100011010010111
11010010100010100010010001011110100100001001101110110110010101000011100111000101100111111100000110000100000011
11110010010001101001011000000101100001010111100001011011101100001001111000100111011110100000110110111110010001
11111110111000001011101101001010100010101100010101100010110110000110001101001011000011110100101100111110001001
11110110011011010011111001000110000111101000110000111110101111010110011001110011110011001011010101100010001111
11100101110011011100001100001101000000111000100010110101101010110110111100110010011101110100001110000010010110
10100000110001111101010000001100010011101100101010110010000000011001101110100001000101100101001111111011010101
11011001010101010110001111010101100100010111001001111101001001010011001000111011010101110010110010111010111110
00011001011101001100011001010101101101001111010101010000000111101100011001110010001011101010100100011001011100
11111011010101001101010000100100101011010000100010000001011011100101100011000000010010001010001001011010001100
11100011001011101000110010011010101110011001110001110011101111100011000111011100011110010001001000110001001101
00010010110011110110111010110100111110100010100010110000100000001100001100111011111110101100101011000011000101
00011001100011011110000010010010110101100010110011011011001000110110111111000001011001100000010011100110001000
01000011011011010101001101100111011100111011101011000001110101101111100110011000000000011001000000101011101111
00010111100011101111000001111111101100100001111010011010000110100010100001000101011001011000001010001010010001
11001001100101111111000010001011001110010111001100000000011011101000000011110010111010011100011111000101100101
01101011000000101111111100101110001010000101110110101110010100001011100100110000000010111101110110000100110110
10001101110100001010001000000001011100000010000011100001010001011001110111110000111110011011110000101110110010
11010001011000011101000001110001000101101100010000101101001001110101011000000010100010000100010110100111110001
10010100111011000110001010001110010100100100110011000100110111110100001001010010101011001111111101100011001100
01011100111110001010101001010011011111100001000010001100101001001010011110000101000000110111111001110000100110
01100001000110101111100000000110010000010101111010010110110111011110111110100101010110010111010001011111101110
01101000100010001010010010000001001001000110010110010110001000011110101110011000010001100110001011001111011100
11000111111001000000010010010100111010011001101010001001111000001011100010011110110001111111001111101010010110
11100011100101011110010000001100001100111101010001111010001111001010001000010011000011100100111100000010011001
00010000101110000011001110010011110000110011111101001111010010101010110000101101101010000011000011100000111111
10010101011101111010100111001010101111010011011100110011001111110100001100111000100001101001010101010100011010
10010111101110110011111100000001111000100111101010100110001101111111100010100110010110001111111101111011001100
01010100100100101010011101110011110110101111011101110001000000100111001010001101010001100000101010000000101000
00001000110011111110111100100110010110001111110011111100101001111000011000000101110100011000001000001101111111
01101111101010000100101101011000010011100000100111010000001101100110110110110000101100000100000000001100100110
00001010101010110000011100110101000100001100111010110100101000110001110011010011010010100000101011110100111110
10000011101011010101101110001001000010000100000001010010110100110110110011000110101010000010000100110000000100
01010000001111100011101110100001010010100010101101111101010010100101111011001111000000001001111110111010111011
11100101010000001111010010000101110011011110101100001110011111010001011111111011110000101001001001001100001011
01110110111011110100001111110100100101001110101101011101111110001100011100001111101111101001010111110001101010
10011010110101000000010111010111111001011101001000111000001111100000000001100011110010101111010101001011010101
00111101010111100000100100100011000011010000001011000110010111110111010101100011100110100000110010111010010101
11001101111100000011001011110010110000001001010111110101001011101111100010100011011000011110011000010011100111
00100001110110101101100001011001111011101110001000111011110000100001001000100111100011010100001010101011110111
10110000100110000110000010001010001010110000110111001010011100100101110011010101011111101000000101110100011001
00110001111101000010110100011000010010001110100001110001000000100101100010000110011001111111100110111110001000
11111011111010011010110010000110100001001000111110010000000101010011100100010101100001000100011010010111110111
00000011001010001111101101010101011111011000011101000001101111100101100010100001000011010111010101010100100110
00110010001111011001011100010011100110111001110101011110000010110000100011001000110100101100001100110100011101
00001000110000010110101010111100001110010110101001000011100001000000100011111010101001010110001110001001000111
00111001110111001000100000010111001001111011111101101111101001001001011001110011000100101100001110111000000000
01100010001110100111100111111010101001100011000111011010111011000101100011011000011000001110011010100101011011
00011011001111100100011010010111110000000011000001000000010000000100100111001000010000011000010110100110101010
00000001101001111111001000010001111100000010001000101000110010101011010110111001111111010001101010010011110010
11111101101010111001110011011001111110101111001110100010000000111110000000000110011101110010111011010000001010
01000010010101111111110001000111101001111010010010110011100001000001110011100101011010010110001110110001010111
11010001101110100010000011111101110000000111110001110100110110011101111110010110110111001111111000000100111110
00111000010100000110100101001011001000011001111010111111101000100111011111111111101011001110001111010100111101
00110110010100000100010010100001100011101000101100010001100100001101110100110100001011101000100010101111110111
10111010001001100100110111000010010000101011001110111011011011101100110001000011001111100101001001000011010101
00010001000001000101111100001011110000111011001011111111010000010010010111011100100111010001000110011100100010
00001011010110010110100011011111011100010111111100111000100010100101110110010111101011101011111001101101010001
00010111010011100110100000001101010010011000111001101011001110101100100010000101000110100000100111001111000101
11101110011001000010010110000100110101000101101000100000101100010100111111101110000001110000010101101000011100
10110101111100111101010011011101100001100001000010111100010101011010101010111010000100011111101001110001010101
00001001111111001111100000111011111110100110110111111011100110111100111100000100010010010001001010110000010110
11110000110111011010010100110010110111010011010001001111001010100000110011010001110111110100011110000011001101
10110100101111001000010000111101100001111000011001001011100111001001111111100101101011101001110101011011011100
00101011010011101111111010101010010101100101000111111001101101101100101011000110001011010010001000001111101110
11011011111101011000010101011011111111000101101010010000010000000110101101100010011100001001011001010011000100
01001101111001110110100000001110001010110110110101010111001011011101011010000001100011010000011010101110101100
11110111101000001100010101010000000010100011001010110001010011111101110101011011101101011100011011111010100001
# s^transpose
01111000010001000100000001111010001001000111000101010001011010000110111001011100100110011100011100001101010100
