# n
240
# seed
1
# w
31
# H^transpose (each line corresponds to column of H, the identity part is omitted)
001011110010110110010000101001101001101001011011110101101101001110101100000011111010010110111110110000010000101010011000
101111110011110101010001000110100111010001001101100001001010010101110111000101101011100000000111111010100101010010100011
101100100010000100100001111110010001111110011010111001001010101011010110100000010100001111001000001101000010011000101111
101101101001000111100010011001110111000100111101001001100111100010100010111011010011011010010001001001111011100101000010
011111001111111011001011101010111101010101100011110111010101010100001110001100110011101101110100111010001011000111100010
001110000000111100001011100011101111000000111101000010011001100000101000101011111000011011010101000001000110100010110101
101010110110101001111001010011101100011111111000111011111100001101111111000100001001001000001011100101110101100110110110
010011111111010010101111000011111111101101000110111111111011100000000101010001001100101101000101111010010011110110011011
001101001010011111110111010010010011110001000000011100100011110011001001000110101000110011010101101111010000001101111010
101011000001111001110011000101011111110010000011110001000111101111111000100110010101000110111101110110001100001110001011
010010010000100100000110010010000111100111011011101100110111111100010000100110000001110000101011001011101010101110010000
100100101000110100011111100001010110000110001100101010001100101111110101110101110000011101010110011000011111110001110001
100110001101001110011001100100000011001111000100100000000110111100001111010011101011110111111001110101101100101011011100
010001110001111110010000011001101110001111101110101001110000010000010000011000101110001001011100000000100100100011001000
000000011100101111110101100001111111111110101010001000010110111010110010010001111100101000111010010000011000011110101010
000000110010000101000110011101011101110101001011111101010011011111010101101101000000111011011010111010110001011011000100
110110010010111101010010110111100000101101100111110100000111101011111001110101000010001010111101111111100101010011111111
100000010110111101011100110001101010101000101111000000010101100100011000100101101101000010100001101110111111100000000111
000001110011101010100010010010101010100110111100010010000010011011100111011110101110111110100010111100010111100010110101
001101100000001000000111010010011111000011110000010110010101011110010110001011010001001111101010011100111101010011101001
101011001010001010100001110111010100011110110000011000011000101010111000001100110000101111110001000111000000001001000000
010101011111110011000010011011000111000111010000010011000011001010001111101111101001001101001101011001110110101100100100
111110100001011011011001001010000100101001011001111111001101001111111110101001101110010000100001100101011011111001111110
001110100001010010011110001000111111100010000001011111011001001011011011010110001101001101110110101100111101011101000101
000000000011010010010110100010100011111001001101010110100001101111010110000111010110100011001000111110001101000100111000
111111111010111000001111001001110101010110111011101011111011101111010001010101001011000101001011000110111001110011001011
010101001111010101000101011010000100100100110000111011011011100000101000011101100011111101111010100101011011011111101110
001111010100011000011101100000010011001000011000010110010000000101011011000111011100011011101011000100010110100110101110
000100111101100001001010011000111001010000111001000100101000111011011010110011101011000001101100001111010110011000101000
010100000011100001111011111110101001000100011010000110000110110001010110001111110011110110011001001001001011001111010011
010000010011000000000101100111001011111111000100000100101111011000110110111001011111000110100111000001111001111101011111
110011101000101011000001101110100111100001100111011011011011000011110101001101000101010111000111101110010100110100100100
101111110000100000100111111110010101001101001110010000000100111100101011100001000010111010010010010011100010000010001010
010110101010011001101111001000101100001000111111110010010100001011100011000101110010000010111001111110011101101111000110
100011100101011001001011010111011010111000010011001011011111000001100010011111111111110011111011110101001010111100110111
101110100100101101000111110100011101111110101001011011111010011101001001011000111111110010101110001111110110010010100000
010111011111101110110100000110011011010000111010000000011111010110100110111001111111100110001001000100111000111100110000
101011011011000101101110001000011000000010011011100001101010111000100100001001111000101010111100000011001011001010001010
011110011110101100111000111001011011010101100101001010111000011111010110010101101000111110100100001000101111011001011011
110110101101111000001100111001111111000110100101111101001010001010001001000101111010010000100110111011011001010100001110
011100010110011111110000011000010000001111110010010001101001011000000101100001010111100001011011101100001001111000100111
011110100000110110111110010001111111101110000010111011010010101000101011000101011000101101100001100011010010110000111101
001011001111100010011111011001101101001111100100011000011110100011000011111010111101011001100111001111001100101101010110
001000111111100101110011011100001100001101000000111000100010110101101010110110111100110010011101110100001110000010010110
101000001100011111010100000011000100111011001010101100100000000110011011101000010001011001010011111110110101011101100101
010101011000111101010110010001011100100111110100100101001100100011101101010111001011001011101011111000011001011101001100
011001010101101101001111010101010000000111101100011001110010001011101010100100011001011100111110110101010011010100001001
001010110100001000100000010110111001011000110000000100100010100010010110100011001110001100101110100011001001101010111001
100111000111001110111110001100011101110001111001000100100011000100110100010010110011110110111010110100111110100010100010
110000100000001100001100111011111110101100101011000011000101000110011000110111100000100100101101011000101100110110110010
001101101111110000010110011000000100111001100010000100001101101101010100110110011101110011101110101100000111010110111110
011001100000000001100100000010101110111100010111100011101111000001111111101100100001111010011010000110100010100001000101
011001011000001010001010010001110010011001011111110000100010110011100101110011000000000110111010000000111100101110100111
000111110001011001010110101100000010111111110010111000101000010111011010111001010000101110010011000000001011110111011000
010011011010001101110100001010001000000001011100000010000011100001010001011001110111110000111110011011110000101110110010
110100010110000111010000011100010001011011000100001011010010011101010110000000101000100001000101101001111100011001010011
101100011000101000111001010010010011001100010011011111010000100101001010101100111111110110001100110001011100111110001010
101001010011011111100001000010001100101001001010011110000101000000110111111001110000100110011000010001101011111000000001
100100000101011110100101101101110111101111101001010101100101110100010111111011100110100010001000101001001000000100100100
011001011001011000100001111010111001100001000110011000101100111101110011000111111001000000010010010100111010011001101010
001001111000001011100010011110110001111111001111101010010110111000111001010111100100000011000011001111010100011110100011
110010100010000100110000111001001111000000100110010001000010111000001100111001001111000011001111110100111101001010101011
000010110110101000001100001110000011111110010101011101111010100111001010101111010011011100110011001111110100001100111000
100001101001010101010100011010100101111011101100111111000000011110001001111010101001100011011111111000101001100101100011
111111011110110011000101010010010010101001110111001111011010111101110111000100000010011100101000110101000110000010101000
000010100000001000110011111110111100100110010110001111110011111100101001111000011000000101110100011000001000001101111111
011011111010100001001011010110000100111000001001110100000011011001101101101100001011000001000000000011001001100000101010
101011000001110011010100010000110011101011010010100011000111001101001101001010000010101111010011111010000011101011010101
101110001001000010000100000001010010110100110110110011000110101010000010000100110000000100010100000011111000111011101000
010100101000101011011111010100101001011110110011110000000010011111101110101110111110010101000000111101001000010111001101
111010110000111001111101000101111111101111000010100100100100110000101101110110111011110100001111110100100101001110101101
011101111110001100011100001111101111101001010111110001101010100110101101010000000101110101111110010111010010001110000011
111000000000011000111100101011110101010010110101010011110101011110000010010010001100001101000000101100011001011111011101
010110001110011010000011001011101001010111001101111100000011001011110010110000001001010111110101001011101111100010100011
011000011110011000010011100111001000011101101011011000010110011110111011100010001110111100001000010010001001111000110101
000010101010111101111011000010011000011000001000101000101011000011011100101001110010010111001101010101111110100000010111
010001100100110001111101000010110100011000010010001110100001110001000000100101100010000110011001111111100110111110001000
111110111110100110101100100001101000010010001111100100000001010100111001000101011000010001000110100101111101110000001100
101000111110110101010101111101100001110100000110111110010110001010000100001101011101010101010010011000110010001111011001
011100010011100110111001110101011110000010110000100011001000110100101100001100110100011101000010001100000101101010101111
000011100101101010010000111000010000001000111110101010010101100011100010010001110011100111011100100010000001011100100111
101111110110111110100100100101100111001100010010110000111011100000000001100010001110100111100111111010101001100011000111
011010111011000101100011011000011000001110011010100101011011000110110011111001000110100101111100000000110000010000000100
000001001001110010000100000110000101101001101010100000000110100111111100100001000111110000001000100010100011001010101101
011011100111111101000110101001001111001011111101101010111001110011011001111110101111001110100010000000111110000000000110
011101110010111011010000001010010000100101011111111100010001111010011110100100101100111000010000011100111001010110100101
100011101100010101111101000110111010001000001111110111000000011111000111010011011001110111111001011011011100111111100000
010011111000111000010100000110100101001011001000011001111010111111101000100111011111111111101011001110001111010100111101
001101100101000001000100101000011000111010001011000100011001000011011101001101000010111010001000101011111101111011101000
100110010011011100001001000010101100111011101101101110110011000100001100111110010100100100001101010100010001000001000101
111100001011110000111011001011111111010000010010010111011100100111010001000110011100100010000010110101100101101000110111
110111000101111111001110001000101001011101100101111010111010111110011011010100010001011101001110011010000000110101001001
100011100110101100111010110010001000010100011010000010011100111100010111101110011001000010010110000100110101000101101000
100000101100010100111111101110000001110000010101101000011100101101011111001111010100110111011000011000010000101111000101
010110101010101110100001000111111010011100010101010000100111111100111110000011101111111010011011011111101110011011110011
110000010001001001000100101011000001011011110000110111011010010100110010110111010011010001001111001010100000110011010001
110111110100011110000011001101101101001011110010000100001111011000011110000110010010111001110010011111111001011010111010
011101010110110111000010101101001110111111101010101001010110010100011111100110110110110010101100011000101101001000100000
111110111011011011111101011000010101011011111111000101101010010000010000000110101101100010011100001001011001010011000100
010011011110011101101000000011100010101101101101010101110010110111010110100000011000110100000110101011101011001111011110
100000110001010101000000001010001100101011000101001111110111010101101110110101110001101111101010000101111000010001000100
000001111010001001000111000101010001011010000110111001011100100110011100011100001101010100001101110100000100010110011001
100110011101000101001001110101100101101100010111100010000000111000111100011001011000100000001011101101100000110101111010
110110110010000000001101001101100011111000011100011000111111010101110011001010010000110001011000011000000011111110111101
100011111010100001000100100001101111011010001011101000010001000001001000100101110110110010101110001000000110010001011110
011100011001000101111010010000101100100001100111010110111110010100001001010011010111111101010100110110000101100000011111
101111001101010010010111111011110011101011000100111100000011110100011100001101110111000101001111010100110011100011011000
011010000111111101111100110001111010001100101011111111000001000010110001001101000000000001011111011000010110101001101000
001101011100001100101111011110011001100110010001001110110010100100001010111100010111000000110100000000111001000101110000
010011101000100110010100110111000110101011000010111101110001101101000000101110101110001100101011000011101011110011110000
011001100111100101010011111011000001101100000101000101000111010000010111110111100001011100110001011110111100100011101010
000101101001001100111001101011101001011111111101110101100101011010110110010110110110001000010100111010101101110111101011
110011111001100111001000100010001001010110000111101001001101110000100110010010111110100011101100101101110111010001001100
010110010101100010110110110100000000011101100011001000101000011100100100111010011111111000111100001000110101010101000100
011111001010000101111010011110111111001010111111011101111110010111011010010011101011110110001110001000100100010000000010
111010110101111011001010100000001100001111110110101011010010111010101110010110110111100010100011000101110011100111000011
000010100111111100101100101010100010010111001110100110111001110001011100101011111110010000001001101110101110111011011011
001111111010101100111111011001010110100111101110111110110001100000001100111001001001001001111001011010110000111111111011
000010101111000111000001110000101010011100110001111100110010111111000111110111000000111100101010101011000011101001010001
101011001011010111010110011000000111101010100110000110001110100111100110101000001000110111111101100100101000111001110100
# s^transpose
001101011001010000111010010101011000010001011000110000001110001001000101100001010011111111000000011011101111010101101000
