# n
270
# seed
1
# w
34
# H^transpose (each line corresponds to column of H, the identity part is omitted)
001011110010110110010000101001101001101001011011110101101101001110101100000011111010010110111110110000010000101010011000101111110011110
101010001000110100111010001001101100001001010010101110111000101101011100000000111111010100101010010100011101100100010000100100001111110
010001111110011010111001001010101011010110100000010100001111001000001101000010011000101111101101101001000111100010011001110111000100111
101001001100111100010100010111011010011011010010001001001111011100101000010011111001111111011001011101010111101010101100011110111010101
010100001110001100110011101101110100111010001011000111100010001110000000111100001011100011101111000000111101000010011001100000101000101
011111000011011010101000001000110100010110101101010110110101001111001010011101100011111111000111011111100001101111111000100001001001000
001011100101110101100110110110010011111111010010101111000011111111101101000110111111111011100000000101010001001100101101000101111010010
011110110011011001101001010011111110111010010010011110001000000011100100011110011001001000110101000110011010101101111010000001101111010
101011000001111001110011000101011111110010000011110001000111101111111000100110010101000110111101110110001100001110001011010010010000100
100000110010010000111100111011011101100110111111100010000100110000001110000101011001011101010101110010000100100101000110100011111100001
010110000110001100101010001100101111110101110101110000011101010110011000011111110001110001100110001101001110011001100100000011001111000
100100000000110111100001111010011101011110111111001110101101100101011011100010001110001111110010000011001101110001111101110101001110000
010000010000011000101110001001011100000000100100100011001000000000011100101111110101100001111111111110101010001000010110111010110010010
001111100101000111010010000011000011110101010000000110010000101000110011101011101110101001011111101010011011111010101101101000000111011
011010111010110001011011000100110110010010111101010010110111100000101101100111110100000111101011111001110101000010001010111101111111100
101010011111111100000010110111101011100110001101010101000101111000000010101100100011000100101101101000010100001101110111111100000000111
000001110011101010100010010010101010100110111100010010000010011011100111011110101110111110100010111100010111100010110101001101100000001
000000111010010011111000011110000010110010101011110010110001011010001001111101010011100111101010011101001101011001010001010100001110111
010100011110110000011000011000101010111000001100110000101111110001000111000000001001000000010101011111110011000010011011000111000111010
000010011000011001010001111101111101001001101001101011001110110101100100100111110100001011011011001001010000100101001011001111111001101
001111111110101001101110010000100001100101011011111001111110001110100001010010011110001000111111100010000001011111011001001011011011010
110001101001101110110101100111101011101000101000000000011010010010110100010100011111001001101010110100001101111010110000111010110100011
001000111110001101000100111000111111111010111000001111001001110101010110111011101011111011101111010001010101001011000101001011000110111
001110011001011010101001111010101000101011010000100100100110000111011011011100000101000011101100011111101111010100101011011011111101110
001111010100011000011101100000010011001000011000010110010000000101011011000111011100011011101011000100010110100110101110000100111101100
001001010011000111001010000111001000100101000111011011010110011101011000001101100001111010110011000101000010100000011100001111011111110
101001000100011010000110000110110001010110001111110011110110011001001001001011001111010011010000010011000000000101100111001011111111000
100000100101111011000110110111001011111000110100111000001111001111101011111110011101000101011000001101110100111100001100111011011011011
000011110101001101000101010111000111101110010100110100100100101111110000100000100111111110010101001101001110010000000100111100101011100
001000010111010010010010011100010000010001010010110101010011001101111001000101100001000111111110010010100001011100011000101110010000010
111001111110011101101111000110100011100101011001001011010111011010111000010011001011011111000001100010011111111111110011111011110101001
010111100110111101110100100101101000111110100011101111110101001011011111010011101001001011000111111110010101110001111110110010010100000
010111011111101110110100000110011011010000111010000000011111010110100110111001111111100110001001000100111000111100110000101011011011000
101101110001000011000000010011011100001101010111000100100001001111000101010111100000011001011001010001010011110011110101100111000111001
011011010101100101001010111000011111010110010101101000111110100100001000101111011001011011110110101101111000001100111001111111000110100
101111101001010001010001001000101111010010000100110111011011001010100001110011100010110011111110000011000010000001111110010010001101001
011000000101100001010111100001011011101100001001111000100111011110100000110110111110010001111111101110000010111011010010101000101011000
101011000101101100001100011010010110000111101001011001111100010011111011001101101001111100100011000011110100011000011111010111101011001
100111001111001100101101010110001000111111100101110011011100001100001101000000111000100010110101101010110110111100110010011101110100001
110000010010110101000001100011111010100000011000100111011001010101100100000000110011011101000010001011001010011111110110101011101100101
010101011000111101010110010001011100100111110100100101001100100011101101010111001011001011101011111000011001011101001100011001010101101
101001111010101010000000111101100011001110010001011101010100100011001011100111110110101010011010100001001001010110100001000100000010110
111001011000110000000100100010100010010110100011001110001100101110100011001001101010111001100111000111001110111110001100011101110001111
001000100100011000100110100010010110011110110111010110100111110100010100010110000100000001100001100111011111110101100101011000011000101
000110011000110111100000100100101101011000101100110110110010001101101111110000010110011000000100111001100010000100001101101101010100110
110011101110011101110101100000111010110111110011001100000000001100100000010101110111100010111100011101111000001111111101100100001111010
011010000110100010100001000101011001011000001010001010010001110010011001011111110000100010110011100101110011000000000110111010000000111
100101110100111000111110001011001010110101100000010111111110010111000101000010111011010111001010000101110010011000000001011110111011000
010011011010001101110100001010001000000001011100000010000011100001010001011001110111110000111110011011110000101110110010110100010110000
111010000011100010001011011000100001011010010011101010110000000101000100001000101101001111100011001010011101100011000101000111001010010
010011001100010011011111010000100101001010101100111111110110001100110001011100111110001010101001010011011111100001000010001100101001001
010011110000101000000110111111001110000100110011000010001101011111000000001100100000101011110100101101101110111101111101001010101100101
110100010111111011100110100010001000101001001000000100100100011001011001011000100001111010111001100001000110011000101100111101110011000
111111001000000010010010100111010011001101010001001111000001011100010011110110001111111001111101010010110111000111001010111100100000011
000011001111010100011110100011110010100010000100110000111001001111000000100110010001000010111000001100111001001111000011001111110100111
101001010101011000010110110101000001100001110000011111110010101011101111010100111001010101111010011011100110011001111110100001100111000
100001101001010101010100011010100101111011101100111111000000011110001001111010101001100011011111111000101001100101100011111111011110110
011000101010010010010101001110111001111011010111101110111000100000010011100101000110101000110000010101000000010100000001000110011111110
111100100110010110001111110011111100101001111000011000000101110100011000001000001101111111011011111010100001001011010110000100111000001
001110100000011011001101101101100001011000001000000000011001001100000101010101011000001110011010100010000110011101011010010100011000111
001101001101001010000010101111010011111010000011101011010101101110001001000010000100000001010010110100110110110011000110101010000010000
100110000000100010100000011111000111011101000010100101000101011011111010100101001011110110011110000000010011111101110101110111110010101
000000111101001000010111001101111010110000111001111101000101111111101111000010100100100100110000101101110110111011110100001111110100100
101001110101101011101111110001100011100001111101111101001010111110001101010100110101101010000000101110101111110010111010010001110000011
111000000000011000111100101011110101010010110101010011110101011110000010010010001100001101000000101100011001011111011101010110001110011
010000011001011101001010111001101111100000011001011110010110000001001010111110101001011101111100010100011011000011110011000010011100111
001000011101101011011000010110011110111011100010001110111100001000010010001001111000110101000010101010111101111011000010011000011000001
000101000101011000011011100101001110010010111001101010101111110100000010111010001100100110001111101000010110100011000010010001110100001
110001000000100101100010000110011001111111100110111110001000111110111110100110101100100001101000010010001111100100000001010100111001000
101011000010001000110100101111101110000001100101000111110110101010101111101100001110100000110111110010110001010000100001101011101010101
010010011000110010001111011001011100010011100110111001110101011110000010110000100011001000110100101100001100110100011101000010001100000
101101010101111000011100101101010010000111000010000001000111110101010010101100011100010010001110011100111011100100010000001011100100111
101111110110111110100100100101100111001100010010110000111011100000000001100010001110100111100111111010101001100011000111011010111011000
101100011011000011000001110011010100101011011000110110011111001000110100101111100000000110000010000000100000001001001110010000100000110
000101101001101010100000000110100111111100100001000111110000001000100010100011001010101101011011100111111101000110101001001111001011111
101101010111001110011011001111110101111001110100010000000111110000000000110011101110010111011010000001010010000100101011111111100010001
111010011110100100101100111000010000011100111001010110100101100011101100010101111101000110111010001000001111110111000000011111000111010
011011001110111111001011011011100111111100000010011111000111000010100000110100101001011001000011001111010111111101000100111011111111111
101011001110001111010100111101001101100101000001000100101000011000111010001011000100011001000011011101001101000010111010001000101011111
101111011101000100110010011011100001001000010101100111011101101101110110011000100001100111110010100100100001101010100010001000001000101
111100001011110000111011001011111111010000010010010111011100100111010001000110011100100010000010110101100101101000110111110111000101111
111001110001000101001011101100101111010111010111110011011010100010001011101001110011010000000110101001001100011100110101100111010110010
001000010100011010000010011100111100010111101110011001000010010110000100110101000101101000100000101100010100111111101110000001110000010
101101000011100101101011111001111010100110111011000011000010000101111000101010110101010101110100001000111111010011100010101010000100111
111100111110000011101111111010011011011111101110011011110011110000010001001001000100101011000001011011110000110111011010010100110010110
111010011010001001111001010100000110011010001110111110100011110000011001101101101001011110010000100001111011000011110000110010010111001
110010011111111001011010111010011101010110110111000010101101001110111111101010101001010110010100011111100110110110110010101100011000101
101001000100000111110111011011011111101011000010101011011111111000101101010010000010000000110101101100010011100001001011001010011000100
010011011110011101101000000011100010101101101101010101110010110111010110100000011000110100000110101011101011001111011110100000110001010
101000000001010001100101011000101001111110111010101101110110101110001101111101010000101111000010001000100000001111010001001000111000101
010001011010000110111001011100100110011100011100001101010100001101110100000100010110011001100110011101000101001001110101100101101100010
111100010000000111000111100011001011000100000001011101101100000110101111010110110110010000000001101001101100011111000011100011000111111
010101110011001010010000110001011000011000000011111110111101100011111010100001000100100001101111011010001011101000010001000001001000100
101110110110010101110001000000110010001011110011100011001000101111010010000101100100001100111010110111110010100001001010011010111111101
010100110110000101100000011111101111001101010010010111111011110011101011000100111100000011110100011100001101110111000101001111010100110
011100011011000011010000111111101111100110001111010001100101011111111000001000010110001001101000000000001011111011000010110101001101000
001101011100001100101111011110011001100110010001001110110010100100001010111100010111000000110100000000111001000101110000010011101000100
110010100110111000110101011000010111101110001101101000000101110101110001100101011000011101011110011110000011001100111100101010011111011
000001101100000101000101000111010000010111110111100001011100110001011110111100100011101010000101101001001100111001101011101001011111111
101110101100101011010110110010110110110001000010100111010101101110111101011110011111001100111001000100010001001010110000111101001001101
110000100110010010111110100011101100101101110111010001001100010110010101100010110110110100000000011101100011001000101000011100100100111
010011111111000111100001000110101010101000100011111001010000101111010011110111111001010111111011101111110010111011010010011101011110110
001110001000100100010000000010111010110101111011001010100000001100001111110110101011010010111010101110010110110111100010100011000101110
011100111000011000010100111111100101100101010100010010111001110100110111001110001011100101011111110010000001001101110101110111011011011
001111111010101100111111011001010110100111101110111110110001100000001100111001001001001001111001011010110000111111111011000010101111000
111000001110000101010011100110001111100110010111111000111110111000000111100101010101011000011101001010001101011001011010111010110011000
000111101010100110000110001110100111100110101000001000110111111101100100101000111001110100001101011001010000111010010101011000010001011
000110000001110001001000101100001010011111111000000011011101111010101101000101111011100101100000110110111001001100110001110100010100110
000011101100011001010000000110000111001001111100000001001010100001011000111110101110001011101110010110101100010010010011101110000100000
000001000100001100110010000001000101000100000011111111000111000110010011110011010010100110111011001101101110110111010010100111111101111
000111001100101100011110111000001101000111101001111101000101100110100110100111101111110101011111001011000111100010101100000010010000000
110111111001110101101110001110011110010110011111000101000110111001010010001100111010110110101110001000111010100001010111000110100001111
011000000011111000110100000010010000011110001010110111001100101001110011100000000110001101000000010000001100001100100011011001000011100
000111000111011100100011101011111001011101010101111101111001001111101011001110011011101001110111010110000000001000100111111001010010011
111001000111101111110110011000110010100010111001010000001111101100110001010101101000110111001001101110010101100010111111111111100001011
011001110011111111000110010100011111101101100111001111001110111110011110100000110010100100011100111011001001100010100110010000110011001
111101000110111000100011001100001100011000000011000000011001100001000001011101000110100111000111010101000101110001000010100100100001010
011110111011010001011011101101100001010110100100011100011011100000111000001111011001110101100001011110111111100010000010100101100001111
101101111000011000010001110100100110010001010001110000001000110100101011111110110010000110011101011010011000101110100001001111010010111
011000001010000011110010111100100100101101011111101101011011001010110001010101001101100110011000110000000111100011001011011110110100110
111001100001011111011101000010010111100000111111101010001111111100000101000000011110101101110000110000010010111101001011111011110100101
110110100101101011101101010001101010111110100101010110000110110100011011010100100011110000101101101101000100000101010101010001011101111
110110011001100010101100011010000001000110101010100010110000110001110100011000000101001011100101000101010010011001110111100100110000110
111100011101101101101011100000110010011001001101011000100011111001001100110110100101000001010000001000010101111000110011111010001101101
110111001100001010000000101000101110001111010100110000011000111111000110111100100100101001000100011000001001010100010101111001001110001
111000101101101001101010011110100110101111000000111100011000101111110110111000111000000001010110111101000101111111010110010110101101011
000010110111010101001011100000100100010110010111111011011001110110001110110011100101100001110111111110111101011110101001011110100000001
011001100110111110010110000111110111010101011001111100011101001010110100011011110010010101010111101111101100101011000001000010011100011
011000101110011010101010101011100111000010111101111000010100001010111001111111110010100111111000000101111110110000101001110111110100000
010011001101100111000100111011101110001011110011101101000111111010110001100010111010010000001001100100111011110000110001001111010010110
110101111010100100110100010110111110011011101111101111001100101111111001010110011110010101100111001011111011110110100001110101101100100
110110001011001111000111101010000001000001010101011001111010101000001110100100011011000001111001000111110010110001101100101110010011011
001101001110000101000101010110000100010011101000000001000100000100010100000101010001010101001100100101101110011110011101000001010111000
100000110010000110001010000001111110111111010111110111110100101000010011001111101110101110000011111011111111101101100011010111001011010
111000110000110110100010000100001001100101110000110110100000101110111110110111100001111001100100101000001010100010101111010101001001010
# s^transpose
101101011100101100011010001111111100110001000111101110010011001101000000011110000011100111001011101011011100111110000011110001111001111
