000010100001110100011100011110000100011011000101010011111111100111001100101000001110000011011000010010101100000000000000000000000000000000000000000000000000000000000000000000000000000000000000000000000000000000
000001001111100100100011110101000110010001001011001000111000110100111100000011111011011010100111111111001010000000000000000000000000000000000000000000000000000000000000000000000000000000000000000000000000000000
100001110100100000110010000011000011001110111100101000100010001110111110011010011110111111000010100111100001000000000000000000000000000000000000000000000000000000000000000000000000000000000000000000000000000000
011001110110110000001011110011101000001010011101011000010111010011011110010001000010000111010100000010111000100000000000000000000000000000000000000000000000000000000000000000000000000000000000000000000000000000
101111111101001101100110000010010101110011011101100111010110110101000010000100111010110111111100100110011000010000000000000000000000000000000000000000000000000000000000000000000000000000000000000000000000000000
111000111010011001000010111111010111100100111101111011110000110001001111100110010101110100001000100110011000001000000000000000000000000000000000000000000000000000000000000000000000000000000000000000000000000000
101111001111000001100000011100111001100010000101011010011110100001011001111010111101100110011001100011100000000100000000000000000000000000000000000000000000000000000000000000000000000000000000000000000000000000
111001001100110011111100100011001001100101001001001000110100000011111100001001111110101010100000001000110000000010000000000000000000000000000000000000000000000000000000000000000000000000000000000000000000000000
001001011011001010101001100101011011001100000110110111100011000010000000110011010000001110100010001110110000000001000000000000000000000000000000000000000000000000000000000000000000000000000000000000000000000000
000000001010001011000001111011111100100011111010101011000111110000010000011010100110000010000110101100001000000000100000000000000000000000000000000000000000000000000000000000000000000000000000000000000000000000
111011011110001100100011100011000000000100001011110101000101000100001100000000010010110010011110100101100000000000010000000000000000000000000000000000000000000000000000000000000000000000000000000000000000000000
010100001110011101010010101101001110100000010110100110010001111101101001101010000111000001010100100001111000000000001000000000000000000000000000000000000000000000000000000000000000000000000000000000000000000000
101111100001110010101011110100101001011110100010110000110000100110100111000111111101110011110001111110101000000000000100000000000000000000000000000000000000000000000000000000000000000000000000000000000000000000
100110111111000001110111101001100001001100111110010011100101101001010101110001101010110100101111111100011000000000000010000000000000000000000000000000000000000000000000000000000000000000000000000000000000000000
000111110100000110000001001101000010101110100001001100001000001010100000010111001101001000010110101101111000000000000001000000000000000000000000000000000000000000000000000000000000000000000000000000000000000000
111000110001111110011000010111000001111010011001001010001010001001001110111110110000000111000100100110111000000000000000100000000000000000000000000000000000000000000000000000000000000000000000000000000000000000
100011001001100010010101111110010110011101010011101110010011110100101110011100100110010110100010010110011000000000000000010000000000000000000000000000000000000000000000000000000000000000000000000000000000000000
011110110101010110111100111011001010111110011101010011010111100001111100110001011100010001001000111110111000000000000000001000000000000000000000000000000000000000000000000000000000000000000000000000000000000000
010001011101011110011001011101100101011001111001000000010100010010101000010101101100011110001011010000110000000000000000000100000000000000000000000000000000000000000000000000000000000000000000000000000000000000
111010000000010110100110011111110001001101100111100101000011010010101011110000101000010000011000001011010000000000000000000010000000000000000000000000000000000000000000000000000000000000000000000000000000000000
010000001111010000111100001001111011000001101001100111011100010111101001010011011110101010100001010111111000000000000000000001000000000000000000000000000000000000000000000000000000000000000000000000000000000000
010000001011010011011110010110000010110110100001110101111110000000010101100000001111010011100011111010101000000000000000000000100000000000000000000000000000000000000000000000000000000000000000000000000000000000
011010111001010001110011100011101010001111000000111110010010011101000101011110110110010101101000111111111000000000000000000000010000000000000000000000000000000000000000000000000000000000000000000000000000000000
000111011110100110111001001100110010110111000111110111000100010110011111010111111101110101111011000111000000000000000000000000001000000000000000000000000000000000000000000000000000000000000000000000000000000000
101101010011110110010101001110000000000011101011010100101111000000000001011001010101001011011000101011100000000000000000000000000100000000000000000000000000000000000000000000000000000000000000000000000000000000
010011110111100101010111101000101110111011111001111101001111010111000001110000010100110001100010010110100000000000000000000000000010000000000000000000000000000000000000000000000000000000000000000000000000000000
110110110010010100010100111001101101010001011110110010011110000101010100101001000000011000100111100111001000000000000000000000000001000000000000000000000000000000000000000000000000000000000000000000000000000000
010000010000011100110011001100000101111011001000011101010111110000000000010000111000110001001101011010000000000000000000000000000000100000000000000000000000000000000000000000000000000000000000000000000000000000
011010011110011000001101111111110011100100001000001110111110111011000111110000110011101101001010010110110000000000000000000000000000010000000000000000000000000000000000000000000000000000000000000000000000000000
101001111101000110000110110110110011100001010010100010011000011001110000000111001111101010101011111111100000000000000000000000000000001000000000000000000000000000000000000000000000000000000000000000000000000000
111001101111111111111100000101101000000001101100111111101000101101100111100000101110100011010000001111001000000000000000000000000000000100000000000000000000000000000000000000000000000000000000000000000000000000
000110001100001110100110010000001010000111010011000000001011100011001110010001011010110100101101010000010000000000000000000000000000000010000000000000000000000000000000000000000000000000000000000000000000000000
111000001110111011010010011111001101011110110110111110011010110001000111010000111011000011111000110011001000000000000000000000000000000001000000000000000000000000000000000000000000000000000000000000000000000000
001001011100011110100110101000000101100011001101110000001001000001100100100000011000100000111011100100100000000000000000000000000000000000100000000000000000000000000000000000000000000000000000000000000000000000
010101011110110010110011111100010101101001100101010111101100110010001001001000111101001001000010111110010000000000000000000000000000000000010000000000000000000000000000000000000000000000000000000000000000000000
100110011011100110001101110101001101101110110101100111000010001110000001100100001101111100010100101110001000000000000000000000000000000000001000000000000000000000000000000000000000000000000000000000000000000000
101000101101000011001100001110110001101011000000000110011110000000010101111100001101010101001110001100010000000000000000000000000000000000000100000000000000000000000000000000000000000000000000000000000000000000
000001010101000011110110000011011110010110110101010010100100001100001000100001000001011110110110000101011000000000000000000000000000000000000010000000000000000000000000000000000000000000000000000000000000000000
110011111100101110011000010111100101100110101001111111001001000111000011110100001001101001000000101110111000000000000000000000000000000000000001000000000000000000000000000000000000000000000000000000000000000000
000101011000001110011110100010000100110010000010101100111000010010111011000101001000011101010100001111101000000000000000000000000000000000000000100000000000000000000000000000000000000000000000000000000000000000
001000010100111111111111100010010111111110100101110001100100000100000001110110101001110011101010100011010000000000000000000000000000000000000000010000000000000000000000000000000000000000000000000000000000000000
100111011011111001010101111000000111011100110010110001000100011000100001100111001101110001110010110001011000000000000000000000000000000000000000001000000000000000000000000000000000000000000000000000000000000000
010111110010110011111100000101001101000111001010110101101001110000011010100101000101111001110111100000111000000000000000000000000000000000000000000100000000000000000000000000000000000000000000000000000000000000
110110000111001000111100111000101101110101010001001010010000111111101111010101010110000000010111111001100000000000000000000000000000000000000000000010000000000000000000000000000000000000000000000000000000000000
100111100011110011111010000111101001000110001000001110011001101000101110101111000111101111010110100010100000000000000000000000000000000000000000000001000000000000000000000000000000000000000000000000000000000000
011101001000000000111101000010100101101000101101101001000000100000100001100000100100100111100101101010111000000000000000000000000000000000000000000000100000000000000000000000000000000000000000000000000000000000
100011101101111111001010001000000001010001011000001101101001010110111000010101011001100110100000010110100000000000000000000000000000000000000000000000010000000000000000000000000000000000000000000000000000000000
100110110010001001101011000011101100001011111011011011101011001111010010000110010100111010001010101011001000000000000000000000000000000000000000000000001000000000000000000000000000000000000000000000000000000000
111111111010111001001000010000110000101000110100010101010110101101100001101010111111101010100101101000011000000000000000000000000000000000000000000000000100000000000000000000000000000000000000000000000000000000
110000101111010000100111101001000001111011011110101011000000011010001101111101110111001000111101001110111000000000000000000000000000000000000000000000000010000000000000000000000000000000000000000000000000000000
010100111100101011000000001001010101000111101000100110100001110110011111100101010110000101111101101100011000000000000000000000000000000000000000000000000001000000000000000000000000000000000000000000000000000000
100111011100100001000101011010001011100100100111001011110110101011100010110101011110000011011111011111100000000000000000000000000000000000000000000000000000100000000000000000000000000000000000000000000000000000
010001011111111101110101101000110000011011110110000101111101101110010010101101000000111001000111100100011000000000000000000000000000000000000000000000000000010000000000000000000000000000000000000000000000000000
101111011010011000000111110000110011000010011111010110001101001011111111111101010101000000100101001101000000000000000000000000000000000000000000000000000000001000000000000000000000000000000000000000000000000000
101000011000001001110100000011101110100010010010010001010000101100101100001010011011100001111011110010101000000000000000000000000000000000000000000000000000000100000000000000000000000000000000000000000000000000
001001111000101010110000000111110000010110011101100000000000001110000101001101010001011000100100100011001000000000000000000000000000000000000000000000000000000010000000000000000000000000000000000000000000000000
111100111100000001000010011110111000010010101101110011100100000001111100011010000110000000010000110011011000000000000000000000000000000000000000000000000000000001000000000000000000000000000000000000000000000000
101000000011001010111010000001100011110001010000100110101100100000100001011100111000001100111111001111100000000000000000000000000000000000000000000000000000000000100000000000000000000000000000000000000000000000
001010101000011110111110110101000110001111001100101101010010100000011110011010000111101000001000011101001000000000000000000000000000000000000000000000000000000000010000000000000000000000000000000000000000000000
110001101010011101111011110001100111000101011110001100001001110001110011000000010011111010111110110111000000000000000000000000000000000000000000000000000000000000001000000000000000000000000000000000000000000000
010100011001111010110111001010111000101100011001100100100010001010100101011010011110000101001010111001011000000000000000000000000000000000000000000000000000000000000100000000000000000000000000000000000000000000
001111100010011011000100001110111101011111101010000011010101011001100001111001111111100011110010111000011000000000000000000000000000000000000000000000000000000000000010000000000000000000000000000000000000000000
110111000010011011010110111011111011101110100111000111100010011000001011111111000100111100101111011011101000000000000000000000000000000000000000000000000000000000000001000000000000000000000000000000000000000000
110110100010110101000101011011000000100110011000011000111010111110110010101001110110011111101110010011101000000000000000000000000000000000000000000000000000000000000000100000000000000000000000000000000000000000
100010000110010011010011111111111010100100011111110101111010111001100111100010010100010001111000111101011000000000000000000000000000000000000000000000000000000000000000010000000000000000000000000000000000000000
001010110110001101011000011010011010101110010011110010000001100111101110010111010010011001001000110011110000000000000000000000000000000000000000000000000000000000000000001000000000000000000000000000000000000000
101001000111101111111000011110110110101100001110001101100110110001101110011000011000000011001001010110010000000000000000000000000000000000000000000000000000000000000000000100000000000000000000000000000000000000
001101000011001110001110010111001110111100000000001110011011111001001111010101010011101111001101100001101000000000000000000000000000000000000000000000000000000000000000000010000000000000000000000000000000000000
111011010000110001100010110011001011001110001010001000011010011010111001110101001101100010000101101001001000000000000000000000000000000000000000000000000000000000000000000001000000000000000000000000000000000000
101011001100011000110111100100100011001100011011010010010010000100110110001000001100111000011001000011110000000000000000000000000000000000000000000000000000000000000000000000100000000000000000000000000000000000
001110000011010011011100101010011010001101110000101100110001011010110001011101110010110001111001010000001000000000000000000000000000000000000000000000000000000000000000000000010000000000000000000000000000000000
010110111000001100101001110001110011010011011101101011100100111000110001110010101101001010010000100011001000000000000000000000000000000000000000000000000000000000000000000000001000000000000000000000000000000000
000010000000101000101111110010001101100001001101100010011100001011100011100111111010011101101110100100000000000000000000000000000000000000000000000000000000000000000000000000000100000000000000000000000000000000
011011001101100011000011000111111101011111101100110000011010101000010110111110101111101101101110100100111000000000000000000000000000000000000000000000000000000000000000000000000010000000000000000000000000000000
001110000100011101011111110011110000001111111011101111100101100111101110100001110001111000001100111000000000000000000000000000000000000000000000000000000000000000000000000000000001000000000000000000000000000000
000100100100111000110011100100010111001100000001010010011111000010010111011001001111001010001000111101001000000000000000000000000000000000000000000000000000000000000000000000000000100000000000000000000000000000
111110100110000101101001100001101100010101110100111100011011010000011101111010001000001100011100111000000000000000000000000000000000000000000000000000000000000000000000000000000000010000000000000000000000000000
100011011010000111110110111000111000001100110110000111111110100000111010010011000011000111000101011010100000000000000000000000000000000000000000000000000000000000000000000000000000001000000000000000000000000000
111101100011011111101100110001001001111011100110111100101110001110001000110101101100001000101000101101000000000000000000000000000000000000000000000000000000000000000000000000000000000100000000000000000000000000
101101010111110011110010011100110001010111010010100001010001110010100101000011101110110011000110011001011000000000000000000000000000000000000000000000000000000000000000000000000000000010000000000000000000000000
111110011101101011000101111111111101001110011011111010100100011110010011111000101001000110000000100100000000000000000000000000000000000000000000000000000000000000000000000000000000000001000000000000000000000000
010000011001100010110100011110100011111111001001111111010000101111110100011110010100010100001101101010010000000000000000000000000000000000000000000000000000000000000000000000000000000000100000000000000000000000
110010100000101001001010011110101100101110010100000011110111111011001010011100111011100100100100111001010000000000000000000000000000000000000000000000000000000000000000000000000000000000010000000000000000000000
001010000110111000010010111111101000111010100000110010000011010110100001101101111110110100110100111100101000000000000000000000000000000000000000000000000000000000000000000000000000000000001000000000000000000000
010110111001110011000011010001110110100111111110001101111110101011100011111000111111100101001000010010010000000000000000000000000000000000000000000000000000000000000000000000000000000000000100000000000000000000
110000100001001000001001011001000100110011001101110110100000011011001101011010001011011110000101010101001000000000000000000000000000000000000000000000000000000000000000000000000000000000000010000000000000000000
011010011101011011000011101111100011100100111001100100100011100101011011010001110101000100100100100111011000000000000000000000000000000000000000000000000000000000000000000000000000000000000001000000000000000000
100101111010001101110000110000100011101001010010010110011110100111101001000000001010111100011011110000111000000000000000000000000000000000000000000000000000000000000000000000000000000000000000100000000000000000
101111010011000000101000000001110010111011100111010100010111001111001011101000000100111000010000100001000000000000000000000000000000000000000000000000000000000000000000000000000000000000000000010000000000000000
000101101011110001110110111110001110010101001110100011110011010101100010101100010011111011011000000101101000000000000000000000000000000000000000000000000000000000000000000000000000000000000000001000000000000000
111111110110010111111010000111011101001010111100110100111101011100111101011010000001010101111100110001110000000000000000000000000000000000000000000000000000000000000000000000000000000000000000000100000000000000
100010000101111010010000000010010111100100101111010010010101001000111000101011100010001100110001001010100000000000000000000000000000000000000000000000000000000000000000000000000000000000000000000010000000000000
111110110011000011111010111101101111010011111110000000001001010011000000101100001011110001000101001010111000000000000000000000000000000000000000000000000000000000000000000000000000000000000000000001000000000000
110010011111100100000000110010111100110111001111111101111001011011100100101100101011010110111100011000111000000000000000000000000000000000000000000000000000000000000000000000000000000000000000000000100000000000
101000100010110010101010001100100101001111001111111000100101110101010110100110011011010111001000101100001000000000000000000000000000000000000000000000000000000000000000000000000000000000000000000000010000000000
011111001111011000100011111010100001111101011000110000101110000100011001100010001001011101011011011101010000000000000000000000000000000000000000000000000000000000000000000000000000000000000000000000001000000000
100000111011001000101100010101010010011101100010010100000110110010001011101111111101001111100000010010000000000000000000000000000000000000000000000000000000000000000000000000000000000000000000000000000100000000
111011111010001110100100111110110111010001010000001000011010101010101010110000011000110100010101000010001000000000000000000000000000000000000000000000000000000000000000000000000000000000000000000000000010000000
010101001010010100100111101001001101110011000000101100001110100100001000101010110100110001101110000111101000000000000000000000000000000000000000000000000000000000000000000000000000000000000000000000000001000000
011111110101110001001000000110111110101111111001110010110111101001111111000000001100101010101001011100010000000000000000000000000000000000000000000000000000000000000000000000000000000000000000000000000000100000
001000111101100001011110011011001111000110011101111011100110101100101111010010000110000001010100011110111000000000000000000000000000000000000000000000000000000000000000000000000000000000000000000000000000010000
000010000000001101100000101001011001111010010101101110100010110010111101011010010000100110000111011100100000000000000000000000000000000000000000000000000000000000000000000000000000000000000000000000000000001000
001110110011011000111000100010010110000111001011001111001010100001110010111000111100101011010011100000110000000000000000000000000000000000000000000000000000000000000000000000000000000000000000000000000000000100
100101011101001011101100101011111111001111000010010001010101110111100000001110000011011010001010101101110000000000000000000000000000000000000000000000000000000000000000000000000000000000000000000000000000000010
000101100101101011011010000110100011101100100001101010101110000110101110101101110101100011110001100010010000000000000000000000000000000000000000000000000000000000000000000000000000000000000000000000000000000001
