# n
210
# seed
1
# w
28
# H^transpose (each line corresponds to column of H, the identity part is omitted)
001011110010110110010000101001101001101001011011110101101101001110101100000011111010010110111110110000010
000101010011000101111110011110101010001000110100111010001001101100001001010010101110111000101101011100000
000111111010100101010010100011101100100010000100100001111110010001111110011010111001001010101011010110100
000010100001111001000001101000010011000101111101101101001000111100010011001110111000100111101001001100111
100010100010111011010011011010010001001001111011100101000010011111001111111011001011101010111101010101100
011110111010101010100001110001100110011101101110100111010001011000111100010001110000000111100001011100011
101111000000111101000010011001100000101000101011111000011011010101000001000110100010110101101010110110101
001111001010011101100011111111000111011111100001101111111000100001001001000001011100101110101100110110110
010011111111010010101111000011111111101101000110111111111011100000000101010001001100101101000101111010010
011110110011011001101001010011111110111010010010011110001000000011100100011110011001001000110101000110011
010101101111010000001101111010101011000001111001110011000101011111110010000011110001000111101111111000100
110010101000110111101110110001100001110001011010010010000100100000110010010000111100111011011101100110111
111100010000100110000001110000101011001011101010101110010000100100101000110100011111100001010110000110001
100101010001100101111110101110101110000011101010110011000011111110001110001100110001101001110011001100100
000011001111000100100000000110111100001111010011101011110111111001110101101100101011011100010001110001111
110010000011001101110001111101110101001110000010000010000011000101110001001011100000000100100100011001000
000000011100101111110101100001111111111110101010001000010110111010110010010001111100101000111010010000011
000011110101010000000110010000101000110011101011101110101001011111101010011011111010101101101000000111011
011010111010110001011011000100110110010010111101010010110111100000101101100111110100000111101011111001110
101000010001010111101111111100101010011111111100000010110111101011100110001101010101000101111000000010101
100100011000100101101101000010100001101110111111100000000111000001110011101010100010010010101010100110111
100010010000010011011100111011110101110111110100010111100010111100010110101001101100000001000000111010010
011111000011110000010110010101011110010110001011010001001111101010011100111101010011101001101011001010001
010100001110111010100011110110000011000011000101010111000001100110000101111110001000111000000001001000000
010101011111110011000010011011000111000111010000010011000011001010001111101111101001001101001101011001110
110101100100100111110100001011011011001001010000100101001011001111111001101001111111110101001101110010000
100001100101011011111001111110001110100001010010011110001000111111100010000001011111011001001011011011010
110001101001101110110101100111101011101000101000000000011010010010110100010100011111001001101010110100001
101111010110000111010110100011001000111110001101000100111000111111111010111000001111001001110101010110111
011101011111011101111010001010101001011000101001011000110111001110011001011010101001111010101000101011010
000100100100110000111011011011100000101000011101100011111101111010100101011011011111101110001111010100011
000011101100000010011001000011000010110010000000101011011000111011100011011101011000100010110100110101110
000100111101100001001010011000111001010000111001000100101000111011011010110011101011000001101100001111010
110011000101000010100000011100001111011111110101001000100011010000110000110110001010110001111110011110110
011001001001001011001111010011010000010011000000000101100111001011111111000100000100101111011000110110111
001011111000110100111000001111001111101011111110011101000101011000001101110100111100001100111011011011011
000011110101001101000101010111000111101110010100110100100100101111110000100000100111111110010101001101001
110010000000100111100101011100001000010111010010010010011100010000010001010010110101010011001101111001000
101100001000111111110010010100001011100011000101110010000010111001111110011101101111000110100011100101011
001001011010111011010111000010011001011011111000001100010011111111111110011111011110101001010111100110111
101110100100101101000111110100011101111110101001011011111010011101001001011000111111110010101110001111110
110010010100000010111011111101110110100000110011011010000111010000000011111010110100110111001111111100110
001001000100111000111100110000101011011011000101101110001000011000000010011011100001101010111000100100001
001111000101010111100000011001011001010001010011110011110101100111000111001011011010101100101001010111000
011111010110010101101000111110100100001000101111011001011011110110101101111000001100111001111111000110100
101111101001010001010001001000101111010010000100110111011011001010100001110011100010110011111110000011000
010000001111110010010001101001011000000101100001010111100001011011101100001001111000100111011110100000110
110111110010001111111101110000010111011010010101000101011000101011000101101100001100011010010110000111101
001011001111100010011111011001101101001111100100011000011110100011000011111010111101011001100111001111001
100101101010110001000111111100101110011011100001100001101000000111000100010110101101010110110111100110010
011101110100001110000010010110101000001100011111010100000011000100111011001010101100100000000110011011101
000010001011001010011111110110101011101100101010101011000111101010110010001011100100111110100100101001100
100011101101010111001011001011101011111000011001011101001100011001010101101101001111010101010000000111101
100011001110010001011101010100100011001011100111110110101010011010100001001001010110100001000100000010110
111001011000110000000100100010100010010110100011001110001100101110100011001001101010111001100111000111001
110111110001100011101110001111001000100100011000100110100010010110011110110111010110100111110100010100010
110000100000001100001100111011111110101100101011000011000101000110011000110111100000100100101101011000101
100110110110010001101101111110000010110011000000100111001100010000100001101101101010100110110011101110011
101110101100000111010110111110011001100000000001100100000010101110111100010111100011101111000001111111101
100100001111010011010000110100010100001000101011001011000001010001010010001110010011001011111110000100010
110011100101110011000000000110111010000000111100101110100111000111110001011001010110101100000010111111110
010111000101000010111011010111001010000101110010011000000001011110111011000010011011010001101110100001010
001000000001011100000010000011100001010001011001110111110000111110011011110000101110110010110100010110000
111010000011100010001011011000100001011010010011101010110000000101000100001000101101001111100011001010011
101100011000101000111001010010010011001100010011011111010000100101001010101100111111110110001100110001011
100111110001010101001010011011111100001000010001100101001001010011110000101000000110111111001110000100110
011000010001101011111000000001100100000101011110100101101101110111101111101001010101100101110100010111111
011100110100010001000101001001000000100100100011001011001011000100001111010111001100001000110011000101100
111101110011000111111001000000010010010100111010011001101010001001111000001011100010011110110001111111001
111101010010110111000111001010111100100000011000011001111010100011110100011110010100010000100110000111001
001111000000100110010001000010111000001100111001001111000011001111110100111101001010101011000010110110101
000001100001110000011111110010101011101111010100111001010101111010011011100110011001111110100001100111000
100001101001010101010100011010100101111011101100111111000000011110001001111010101001100011011111111000101
001100101100011111111011110110011000101010010010010101001110111001111011010111101110111000100000010011100
101000110101000110000010101000000010100000001000110011111110111100100110010110001111110011111100101001111
000011000000101110100011000001000001101111111011011111010100001001011010110000100111000001001110100000011
011001101101101100001011000001000000000011001001100000101010101011000001110011010100010000110011101011010
010100011000111001101001101001010000010101111010011111010000011101011010101101110001001000010000100000001
010010110100110110110011000110101010000010000100110000000100010100000011111000111011101000010100101000101
011011111010100101001011110110011110000000010011111101110101110111110010101000000111101001000010111001101
111010110000111001111101000101111111101111000010100100100100110000101101110110111011110100001111110100100
101001110101101011101111110001100011100001111101111101001010111110001101010100110101101010000000101110101
111110010111010010001110000011111000000000011000111100101011110101010010110101010011110101011110000010010
010001100001101000000101100011001011111011101010110001110011010000011001011101001010111001101111100000011
001011110010110000001001010111110101001011101111100010100011011000011110011000010011100111001000011101101
011011000010110011110111011100010001110111100001000010010001001111000110101000010101010111101111011000010
011000011000001000101000101011000011011100101001110010010111001101010101111110100000010111010001100100110
001111101000010110100011000010010001110100001110001000000100101100010000110011001111111100110111110001000
111110111110100110101100100001101000010010001111100100000001010100111001000101011000010001000110100101111
101110000001100101000111110110101010101111101100001110100000110111110010110001010000100001101011101010101
010010011000110010001111011001011100010011100110111001110101011110000010110000100011001000110100101100001
100110100011101000010001100000101101010101111000011100101101010010000111000010000001000111110101010010101
100011100010010001110011100111011100100010000001011100100111101111110110111110100100100101100111001100010
010110000111011100000000001100010001110100111100111111010101001100011000111011010111011000101100011011000
011000001110011010100101011011000110110011111001000110100101111100000000110000010000000100000001001001110
010000100000110000101101001101010100000000110100111111100100001000111110000001000100010100011001010101101
011011100111111101000110101001001111001011111101101010111001110011011001111110101111001110100010000000111
110000000000110011101110010111011010000001010010000100101011111111100010001111010011110100100101100111000
010000011100111001010110100101100011101100010101111101000110111010001000001111110111000000011111000111010
011011001110111111001011011011100111111100000010011111000111000010100000110100101001011001000011001111010
111111101000100111011111111111101011001110001111010100111101001101100101000001000100101000011000111010001
011000100011001000011011101001101000010111010001000101011111101111011101000100110010011011100001001000010
101100111011101101101110110011000100001100111110010100100100001101010100010001000001000101111100001011110
000111011001011111111010000010010010111011100100111010001000110011100100010000010110101100101101000110111
110111000101111111001110001000101001011101100101111010111010111110011011010100010001011101001110011010000
# s^transpose
000110101001001100011100110101100111010110010001000010100011010000010011100111100010111101110011001000010
